#pT_OLR    0.01000   0.02000   0.04000   0.06000   0.08000   0.10000   0.20000   0.40000   0.60000   0.80000   1.00000   2.00000   3.00000   4.00000   5.00000   6.00000   7.00000   8.00000  10.00000  
 100.0         5.6      5.6      5.6      5.6      5.6      5.6      5.8      5.6      5.6      5.6      5.6      5.6      5.5      5.5      5.5      5.5      5.5      5.5      5.5  
 105.0         6.9      6.8      6.8      6.8      6.8      6.8      6.9      6.7      6.7      6.7      6.7      6.7      6.7      6.7      6.7      6.7      6.7      6.7      6.7  
 110.0         8.2      8.2      8.2      8.2      8.2      8.1      8.3      8.1      8.1      8.0      8.0      8.0      8.0      8.0      8.0      8.0      7.9      7.9      7.9  
 115.0         9.8      9.8      9.7      9.7      9.7      9.7      9.7      9.6      9.6      9.5      9.5      9.5      9.5      9.4      9.4      9.4      9.4      9.4      9.4  
 120.0        11.6     11.6     11.5     11.5     11.4     11.4     11.3     10.7     11.2     11.2     11.2     11.1     11.1     11.1     11.0     11.0     11.0     11.0     11.0  
 125.0        13.7     13.6     13.5     13.4     13.4     13.4     13.3     12.2     13.1     13.1     13.1     13.0     12.9     12.9     12.8     12.8     12.8     12.8     12.7  
 130.0        16.0     15.8     15.7     15.6     15.6     15.6     15.4     13.9     15.2     15.2     15.1     15.0     14.9     14.9     14.8     14.8     14.8     14.7     14.7  
 135.0        18.5     18.4     18.2     18.1     18.0     18.0     17.8     16.5     17.5     17.5     17.4     17.2     17.1     17.1     17.0     17.0     16.9     16.9     16.8  
 140.0        21.4     21.2     21.0     20.8     20.7     20.7     20.4     19.8     20.1     20.0     19.9     19.7     19.6     19.5     19.4     19.3     19.3     19.2     19.2  
 145.0        24.6     24.3     24.0     23.9     23.7     23.6     23.3     23.0     22.9     22.8     22.7     22.4     22.2     22.1     22.0     21.9     21.8     21.8     21.7  
 150.0        28.1     27.7     27.4     27.2     27.0     26.9     26.5     26.2     26.0     25.8     25.7     25.3     25.1     24.9     24.8     24.7     24.6     24.6     24.4  
 155.0        32.0     31.5     31.1     30.8     30.7     30.5     30.0     29.6     29.3     29.1     29.0     28.5     28.2     28.0     27.9     27.8     27.7     27.6     27.4  
 160.0        36.2     35.7     35.2     34.8     34.6     34.4     33.9     33.3     33.0     32.8     32.6     32.0     31.6     31.4     31.2     31.0     30.9     30.8     30.6  
 165.0        40.9     40.2     39.6     39.2     38.9     38.7     38.1     37.4     37.0     36.7     36.4     35.7     35.3     35.0     34.8     34.6     34.4     34.3     34.0  
 170.0        46.0     45.2     44.4     44.0     43.7     43.4     42.6     41.8     41.3     40.9     40.7     39.8     39.3     38.9     38.6     38.4     38.2     38.0     37.7  
 175.0        51.6     50.6     49.7     49.2     48.8     48.5     47.5     46.5     46.0     45.5     45.2     44.2     43.5     43.1     42.7     42.4     42.2     41.9     41.6  
 180.0        57.6     56.5     55.5     54.8     54.4     54.0     52.9     51.7     51.0     50.5     50.1     48.8     48.1     47.5     47.1     46.7     46.4     46.1     45.7  
 185.0        64.2     62.9     61.7     60.9     60.4     60.0     58.6     57.3     56.4     55.8     55.4     53.9     52.9     52.3     51.7     51.3     50.9     50.6     50.0  
 190.0        71.4     69.8     68.4     67.5     66.9     66.4     64.9     63.2     62.3     61.6     61.0     59.2     58.1     57.3     56.6     56.1     55.6     55.2     54.5  
 195.0        79.1     77.3     75.7     74.7     73.9     73.4     71.5     69.7     68.5     67.7     67.0     64.9     63.6     62.6     61.8     61.1     60.6     60.0     59.2  
 200.0        87.5     85.3     83.5     82.3     81.5     80.8     78.7     76.5     75.2     74.2     73.5     70.9     69.3     68.1     67.2     66.3     65.6     65.0     63.9  
 205.0        96.5     94.0     91.9     90.6     89.6     88.8     86.4     83.9     82.3     81.2     80.3     77.2     75.3     73.9     72.7     71.7     70.9     70.1     68.8  
 210.0       106.2    103.3    100.9     99.4     98.3     97.4     94.6     91.7     89.9     88.5     87.4     83.9     81.6     79.8     78.4     77.2     76.2     75.2     73.6  
 215.0       116.7    113.3    110.5    108.8    107.5    106.5    103.4    100.0     97.8     96.3     95.0     90.7     88.0     85.9     84.2     82.8     81.5     80.4     78.5  
 220.0       128.2    124.0    120.8    118.8    117.4    116.3    112.6    108.7    106.2    104.4    102.9     97.9     94.6     92.1     90.1     88.4     86.9     85.6     83.3  
 225.0       140.5    135.4    131.8    129.5    127.9    126.6    122.4    117.9    115.0    112.9    111.1    105.2    101.4     98.4     96.0     94.0     92.2     90.7     88.0  
 230.0       152.2    147.6    143.4    140.9    139.0    137.5    132.7    127.5    124.2    121.7    119.7    112.7    108.2    104.8    102.0     99.6     97.5     95.7     92.6  
 235.0       166.4    160.6    155.8    152.9    150.7    149.0    143.5    137.5    133.7    130.8    128.5    120.4    115.2    111.1    107.9    105.1    102.7    100.6     97.0  
 240.0       181.5    173.4    168.9    165.6    163.1    161.2    154.8    148.0    143.6    140.2    137.5    128.2    122.1    117.5    113.8    110.6    107.9    105.4    101.3  
 245.0       196.5    185.3    182.8    179.0    176.1    173.9    166.7    158.8    153.7    149.9    146.8    136.1    129.1    123.9    119.6    116.0    112.9    110.1    105.5  
 250.0       212.6    205.3    197.6    193.1    189.8    187.3    179.0    170.0    164.2    159.8    156.3    144.1    136.2    130.2    125.4    121.3    117.8    114.8    109.6  
 255.0       229.0    223.0    213.3    208.0    204.2    201.3    191.8    181.5    174.9    170.0    166.0    152.2    143.2    136.5    131.1    126.6    122.7    119.3    113.6  
 260.0       245.8    240.5    228.1    223.8    219.4    216.0    205.0    193.4    186.0    180.4    175.8    160.3    150.3    142.8    136.9    131.9    127.7    124.0    117.8  
 265.0       262.6    257.4    247.6    240.4    235.3    231.4    218.8    205.6    197.2    190.9    185.8    168.5    157.4    149.2    142.7    137.3    132.7    128.7    122.1  
 270.0       279.4    273.6    265.9    254.7    252.0    247.5    233.2    218.1    208.8    201.7    196.0    176.9    164.7    155.8    148.7    142.9    137.9    133.7    126.6  
 275.0       295.4    289.5    283.0    275.6    267.7    264.1    248.0    231.1    220.6    212.8    206.5    185.4    172.1    162.5    154.9    148.7    143.4    138.9    131.5  
 280.0       314.4    309.0    300.9    294.0    286.4    278.8    262.7    243.9    232.3    223.8    216.9    194.1    179.8    169.4    161.3    154.8    149.2    144.5    136.8  
 285.0       328.4    323.3    315.9    309.9    304.1    297.5    277.9    257.3    244.6    235.2    227.7    203.1    187.7    176.6    168.1    161.2    155.4    150.5    142.5  
 290.0       340.7    335.9    329.1    323.7    318.9    314.1    292.9    270.8    257.1    246.9    238.8    212.3    195.9    184.1    175.1    167.8    161.8    156.7    148.4  
 295.0       350.7    346.4    340.2    335.5    331.3    327.3    306.9    284.0    269.4    258.6    249.9    221.6    204.2    191.7    182.2    174.6    168.3    163.0    154.3  
 300.0       358.5    354.6    349.1    345.0    341.3    337.9    320.6    296.6    281.3    269.9    260.8    231.0    212.5    199.4    189.3    181.3    174.7    169.1    160.1  
 305.0       363.9    360.4    355.7    352.1    348.9    346.1    332.7    308.1    292.5    280.7    271.2    240.1    220.6    206.8    196.2    187.8    180.8    174.9    165.5  
 310.0       367.0    364.2    360.1    357.0    354.4    352.0    341.2    318.6    302.9    290.9    281.2    249.1    228.6    214.0    202.9    194.0    186.7    180.5    170.6  
 315.0       335.3    366.3    363.1    360.7    358.5    356.5    347.7    327.0    312.9    300.8    290.9    258.1    236.7    221.4    209.6    200.3    192.6    186.1    175.7  
 320.0       335.6    368.0    365.5    363.6    362.0    360.4    353.2    338.8    322.8    310.8    300.9    267.6    245.3    229.2    216.8    207.0    198.8    192.0    181.0  
 325.0       348.2    358.8    367.9    366.6    365.2    364.0    358.2    346.9    330.2    321.0    311.1    277.6    254.7    237.8    224.8    214.3    205.7    198.5    186.9  
 330.0       343.5    370.9    370.5    369.5    368.5    367.5    362.7    353.5    343.2    329.4    321.5    286.9    264.9    247.4    233.7    222.6    213.5    205.8    193.4  
 335.0       331.9    345.0    373.4    372.5    371.7    370.9    367.1    359.4    351.6    341.7    332.0    297.9    275.8    258.0    243.6    231.9    222.3    214.1    200.9  
 340.0       342.4    315.3    376.3    375.6    374.9    374.4    371.2    364.8    358.4    351.6    342.7    309.3    286.0    267.9    253.6    242.5    232.2    223.5    209.4  
 345.0       380.9    367.0    375.6    378.8    378.4    377.7    375.2    369.9    364.6    359.4    353.3    321.1    298.1    280.0    265.1    254.1    243.4    234.2    219.2  
 350.0       395.1    360.2    370.5    382.1    381.7    381.4    379.1    375.0    370.5    366.1    361.9    333.2    310.8    292.8    277.8    266.6    255.8    246.2    230.3  
 355.0       400.3    360.0    370.0    377.5    385.3    385.1    383.3    379.9    376.4    372.8    369.1    345.2    324.0    306.4    291.5    278.6    267.5    259.3    242.8  
 360.0       400.5    395.0    375.9    382.0    387.0    389.0    387.8    385.0    382.3    379.4    376.3    357.8    337.6    320.6    306.0    293.2    281.9    273.0    256.5  
 365.0       389.4    382.8    365.8    391.2    393.8    393.7    392.7    390.5    388.3    386.0    383.6    370.4    351.4    335.3    321.2    308.6    297.3    287.2    269.9  
 370.0       351.4    339.6    335.7    347.1    358.2    398.7    398.0    396.5    394.9    393.1    391.2    381.3    360.9    350.5    337.0    324.8    313.8    303.7    286.1  
 375.0       422.0    420.3    377.6    383.7    388.9    393.4    404.3    403.2    402.0    400.6    399.2    390.9    380.4    366.0    353.4    341.8    331.1    321.3    303.8  
 380.0       387.7    381.4    366.7    349.1    347.8    355.1    411.5    410.7    409.9    408.9    407.8    401.2    394.1    379.0    370.4    359.5    349.3    339.9    322.7  
 385.0       435.1    433.7    430.3    423.9    402.5    406.1    419.5    419.5    418.8    418.0    417.2    412.1    406.4    399.0    386.9    377.9    368.3    359.4    342.9  
 390.0       455.0    454.3    368.2    375.7    382.5    388.6    411.3    429.2    428.8    428.3    427.8    423.8    419.2    414.8    406.5    397.1    388.3    379.8    364.2  
 395.0       419.1    415.4    406.9    397.2    386.2    379.8    396.7    440.2    440.1    439.8    439.4    436.7    433.0    429.3    425.0    416.7    409.2    401.4    386.7  
 400.0       451.1    449.0    444.5    439.4    433.7    427.1    388.5    452.8    452.8    452.7    452.7    450.9    448.1    445.1    442.5    438.3    429.8    424.2    410.7  
 405.0       474.1    472.3    468.8    465.2    461.5    457.3    427.9    467.1    467.3    467.5    467.5    466.6    464.8    462.5    460.0    459.0    454.2    446.9    436.1  
 410.0       493.1    491.1    487.8    484.7    481.6    478.2    456.3    483.5    484.0    484.2    484.4    484.3    483.3    481.7    479.8    478.0    477.6    473.4    462.0  
 415.0       506.7    505.3    502.6    499.8    496.9    493.8    473.6    502.1    502.8    503.1    503.6    504.3    504.0    503.1    501.8    500.4    499.0    499.0    492.0  
 420.0       517.0    515.7    512.9    509.8    506.6    503.0    480.4    470.3    524.2    524.8    525.4    526.9    527.2    527.0    526.3    525.4    524.4    523.5    522.2  
 425.0       571.0    571.2    571.5    571.9    572.2    572.5    478.0    507.4    527.4    549.4    550.1    552.3    553.5    553.8    553.8    553.4    552.8    552.2    551.3  
 430.0       599.9    599.8    599.4    599.3    599.1    598.9    596.9    550.8    564.3    574.3    578.3    581.3    583.1    584.1    584.6    584.8    584.7    584.4    583.8  
 435.0       625.3    625.1    624.6    624.0    623.3    618.8    608.7    588.1    554.5    609.4    611.0    614.1    616.6    618.3    619.4    620.1    620.5    620.6    620.6  
 440.0       666.7    666.8    667.2    667.5    667.8    668.1    669.5    579.7    600.1    616.3    628.9    651.3    654.5    656.9    658.6    659.9    660.8    661.0    661.0  
 445.0       708.7    708.6    708.5    708.3    708.1    707.9    706.9    696.4    681.1    677.9    685.4    693.5    697.4    700.5    702.9    705.0    706.0    707.0    708.0  
 450.0       755.3    755.5    755.8    756.1    756.5    756.8    758.3    684.3    668.2    684.8    698.9    741.3    746.0    750.0    754.0    757.0    757.0    757.0    757.0  
