#pT_OLR    0.01000   0.02000   0.04000   0.06000   0.08000   0.10000   0.20000   0.40000   0.60000   0.80000   1.00000   2.00000   3.00000   4.00000   5.00000   6.00000   7.00000   8.00000  10.00000  
 100.0         5.7      5.7      5.7      5.7      5.7      5.7      5.8      5.6      5.6      5.6      5.6      5.6      5.6      5.6      5.6      5.6      5.6      5.6      5.6  
 105.0         6.9      6.9      6.9      6.9      6.9      6.9      6.9      6.9      6.9      6.8      6.8      6.8      6.8      6.8      6.8      6.8      6.8      6.8      6.8  
 110.0         8.3      8.3      8.3      8.3      8.3      8.3      8.4      8.2      8.2      8.2      8.2      8.2      8.2      8.2      8.2      8.1      8.1      8.1      8.1  
 115.0         9.9      9.9      9.9      9.9      9.9      9.9      9.9      9.8      9.8      9.8      9.8      9.8      9.7      9.7      9.7      9.7      9.7      9.7      9.7  
 120.0        11.8     11.7     11.7     11.7     11.7     11.7     11.7     10.7     11.6     11.6     11.6     11.5     11.5     11.5     11.4     11.4     11.4     11.4     11.4  
 125.0        13.8     13.8     13.8     13.8     13.8     13.8     13.8     12.2     13.7     13.6     13.6     13.5     13.5     13.4     13.4     13.4     13.4     13.3     13.3  
 130.0        16.2     16.2     16.2     16.1     16.1     16.1     16.1     14.0     15.9     15.9     15.9     15.8     15.7     15.6     15.6     15.6     15.5     15.5     15.5  
 135.0        18.8     18.8     18.8     18.8     18.8     18.7     18.7     17.3     18.5     18.5     18.4     18.3     18.2     18.1     18.0     18.0     18.0     17.9     17.9  
 140.0        21.8     21.8     21.7     21.7     21.7     21.7     21.6     21.2     21.4     21.3     21.2     21.0     20.9     20.8     20.8     20.7     20.6     20.6     20.5  
 145.0        25.0     25.0     25.0     25.0     24.9     24.9     24.8     24.6     24.5     24.4     24.4     24.1     24.0     23.8     23.7     23.7     23.6     23.5     23.5  
 150.0        28.7     28.7     28.6     28.6     28.5     28.5     28.4     28.2     28.0     27.9     27.8     27.5     27.3     27.2     27.0     26.9     26.9     26.8     26.7  
 155.0        32.7     32.7     32.6     32.6     32.5     32.5     32.3     32.1     31.9     31.8     31.6     31.2     31.0     30.8     30.7     30.5     30.4     30.3     30.2  
 160.0        37.1     37.1     37.0     37.0     36.9     36.9     36.7     36.4     36.1     36.0     35.8     35.3     35.0     34.8     34.6     34.5     34.3     34.2     34.0  
 165.0        42.0     41.9     41.9     41.8     41.7     41.7     41.4     41.1     40.8     40.6     40.4     39.8     39.4     39.1     38.9     38.7     38.6     38.4     38.2  
 170.0        47.3     47.3     47.2     47.1     47.0     47.0     46.7     46.2     45.9     45.6     45.4     44.7     44.2     43.9     43.6     43.4     43.2     43.0     42.8  
 175.0        53.1     53.1     53.0     52.9     52.8     52.7     52.3     51.8     51.4     51.1     50.9     50.0     49.4     49.0     48.7     48.4     48.2     48.0     47.7  
 180.0        59.5     59.4     59.3     59.2     59.1     59.0     58.5     57.9     57.5     57.1     56.8     55.7     55.1     54.6     54.2     53.9     53.6     53.3     52.9  
 185.0        66.3     66.3     66.1     66.0     65.9     65.7     65.3     64.5     64.0     63.6     63.2     61.9     61.1     60.6     60.1     59.7     59.4     59.1     58.6  
 190.0        73.8     73.7     73.5     73.4     73.2     73.1     72.5     71.7     71.0     70.5     70.1     68.6     67.7     67.0     66.4     65.9     65.5     65.2     64.6  
 195.0        81.9     81.8     81.6     81.4     81.2     81.1     80.4     79.4     78.6     78.0     77.5     75.8     74.7     73.8     73.1     72.6     72.1     71.7     71.0  
 200.0        90.6     90.4     90.2     90.0     89.8     89.6     88.8     87.7     86.8     86.1     85.5     83.4     82.1     81.1     80.3     79.6     79.1     78.6     77.7  
 205.0       100.0     99.8     99.5     99.3     99.0     98.8     97.9     96.5     95.5     94.7     94.0     91.6     90.0     88.8     87.9     87.1     86.4     85.8     84.8  
 210.0       110.1    109.8    109.5    109.2    108.9    108.7    107.6    106.0    104.8    103.8    103.0    100.2     98.3     96.9     95.8     94.9     94.1     93.4     92.2  
 215.0       121.0    120.6    120.2    119.8    119.5    119.2    117.9    116.1    114.7    113.5    112.6    109.2    107.1    105.4    104.1    103.0    102.1    101.3     99.9  
 220.0       132.6    132.1    131.6    131.2    130.8    130.4    128.9    126.7    125.1    123.8    122.7    118.8    116.2    114.3    112.8    111.5    110.4    109.5    107.8  
 225.0       145.0    144.3    143.7    143.2    142.8    142.3    140.6    138.0    136.1    134.5    133.2    128.7    125.7    123.5    121.8    120.3    119.0    117.9    116.0  
 230.0       158.2    157.4    156.6    156.0    155.5    155.0    152.9    149.9    147.6    145.8    144.3    139.1    135.6    133.1    131.1    129.4    127.9    126.6    124.5  
 235.0       172.2    171.1    170.3    169.5    168.9    168.3    165.8    162.3    159.7    157.6    155.9    149.8    145.9    142.9    140.6    138.7    137.0    135.6    133.1  
 240.0       186.9    184.6    184.6    183.7    182.9    182.2    179.3    175.2    172.2    169.8    167.8    160.9    156.4    153.1    150.4    148.2    146.3    144.7    141.9  
 245.0       202.3    197.0    199.7    198.6    197.7    196.8    193.5    188.7    185.3    182.5    180.2    172.3    167.2    163.4    160.4    158.0    155.8    154.0    150.9  
 250.0       218.4    217.2    215.4    214.2    213.1    212.1    208.1    202.7    198.7    195.6    193.0    184.0    178.2    174.0    170.6    167.9    165.5    163.4    160.0  
 255.0       234.9    234.0    231.8    230.3    229.0    227.9    223.3    217.1    212.6    209.0    206.1    195.9    189.5    184.8    181.0    177.9    175.3    173.1    169.3  
 260.0       252.2    251.2    245.6    246.9    245.5    244.2    239.0    231.9    226.8    222.8    219.4    208.1    200.9    195.7    191.6    188.2    185.3    182.8    178.7  
 265.0       269.8    268.2    266.1    263.9    262.3    260.8    255.0    247.0    241.3    236.8    233.0    220.4    212.5    206.8    202.2    198.5    195.4    192.7    188.3  
 270.0       287.4    285.1    283.5    277.4    279.2    277.6    271.3    262.3    256.0    251.0    246.8    232.9    224.2    217.9    213.0    209.0    205.7    202.8    198.0  
 275.0       304.4    301.6    300.3    298.0    293.3    294.2    287.4    277.7    270.7    265.2    260.7    245.4    236.0    229.2    223.9    219.6    216.0    212.9    207.8  
 280.0       322.8    319.7    316.0    313.8    311.8    306.8    303.0    292.8    285.3    279.3    274.3    257.8    247.7    240.4    234.8    230.2    226.4    223.1    217.6  
 285.0       337.3    334.1    330.4    328.0    326.2    324.5    317.6    307.3    299.5    293.1    287.9    270.1    259.4    251.6    245.6    240.7    236.7    233.2    227.4  
 290.0       349.8    346.6    343.0    340.5    338.7    337.2    330.7    320.9    312.9    306.4    300.9    282.2    270.8    262.6    256.2    251.0    246.7    243.0    236.9  
 295.0       359.9    356.9    353.4    351.1    349.2    347.8    340.1    332.9    325.3    318.7    313.1    293.7    281.8    273.1    266.4    260.9    256.4    252.5    246.0  
 300.0       367.6    364.8    361.4    359.3    357.6    356.2    351.2    343.1    336.0    329.8    324.2    304.4    292.0    282.9    275.9    270.1    265.3    261.2    254.3  
 305.0       372.8    370.2    367.2    365.2    363.7    362.5    358.1    351.0    344.8    339.0    333.7    313.9    301.2    291.8    284.4    278.4    273.3    268.9    261.6  
 310.0       355.0    373.6    370.9    369.3    368.0    366.9    362.9    356.9    351.6    346.5    341.6    322.1    309.3    299.5    291.8    285.6    280.2    275.6    267.9  
 315.0       342.7    375.5    373.3    371.9    370.9    370.1    366.7    361.6    357.0    352.5    348.1    329.3    316.3    306.3    298.3    291.8    286.3    281.4    273.4  
 320.0       342.9    376.6    375.1    374.2    373.4    372.8    370.0    365.8    361.6    357.8    353.9    336.0    323.0    312.6    304.4    297.6    291.8    286.8    278.5  
 325.0       356.1    366.9    377.1    376.5    375.9    375.4    373.2    369.6    366.0    362.6    359.3    342.7    329.8    319.1    310.6    303.5    297.5    292.3    283.7  
 330.0       352.7    378.7    379.3    378.9    378.5    378.2    376.5    373.2    370.5    362.8    364.4    349.4    337.1    326.2    317.3    309.9    303.7    298.3    289.3  
 335.0       338.6    352.2    381.9    381.6    381.3    381.0    379.7    376.9    374.5    372.1    367.7    356.3    344.6    333.9    324.8    317.1    310.6    305.0    295.6  
 340.0       351.1    323.5    384.8    384.5    384.4    384.1    383.0    380.7    378.4    376.6    374.4    363.0    351.3    340.6    331.4    323.6    316.9    311.1    301.5  
 345.0       389.1    375.1    383.7    387.5    387.4    387.2    386.4    384.4    382.6    380.8    379.3    369.6    359.3    349.1    340.0    332.1    325.2    319.2    309.1  
 350.0       401.4    368.1    378.6    386.1    390.6    390.6    389.9    388.4    386.8    385.3    384.1    376.1    367.3    358.1    349.3    341.4    334.3    328.1    317.7  
 355.0       406.1    367.8    378.0    385.6    394.1    394.1    393.5    392.5    391.3    390.0    388.9    380.2    375.3    367.2    359.1    351.4    344.4    338.1    327.3  
 360.0       407.4    403.1    384.1    390.3    395.1    397.9    397.7    396.9    396.1    395.2    394.2    389.6    383.3    376.6    369.3    362.1    355.2    348.9    337.9  
 365.0       398.1    392.0    375.6    399.5    402.5    402.5    402.4    401.9    401.3    400.7    400.0    396.7    391.5    385.9    379.7    373.2    366.8    360.7    349.6  
 370.0       358.9    347.1    340.8    352.7    364.3    407.5    407.6    407.6    407.3    406.8    406.4    403.9    398.6    395.5    390.4    384.8    379.0    373.2    362.4  
 375.0       427.2    426.3    385.4    391.7    397.1    401.7    413.7    414.0    413.9    413.7    413.4    411.4    409.3    405.3    401.2    396.6    391.6    386.4    376.2  
 380.0       396.4    390.1    375.4    357.8    352.3    360.0    420.9    421.3    421.4    421.4    421.3    419.9    419.0    415.7    412.5    408.7    404.6    400.2    390.9  
 385.0       441.6    440.7    438.4    433.0    410.9    414.6    428.1    429.7    430.0    430.1    430.1    429.5    428.5    427.4    420.4    421.4    418.1    414.5    406.5  
 390.0       456.1    456.0    374.2    381.9    388.9    395.3    419.2    439.3    439.7    440.0    440.2    440.1    439.4    439.7    437.7    433.9    432.3    429.4    422.8  
 395.0       428.1    424.3    415.9    406.2    395.2    382.9    402.5    450.3    450.8    451.2    451.5    452.1    451.8    451.6    451.8    449.9    447.2    445.3    440.0  
 400.0       460.2    458.3    454.1    449.3    443.8    437.4    399.0    462.8    463.5    464.1    464.5    465.6    465.8    465.7    465.9    466.0    464.3    461.8    458.2  
 405.0       482.9    481.3    478.2    475.0    471.5    467.6    439.3    477.2    478.0    478.7    479.2    480.9    481.5    481.8    481.9    482.8    482.7    481.4    477.9  
 410.0       502.0    500.2    497.2    494.5    491.6    488.5    467.6    493.7    494.6    495.3    496.0    498.2    499.3    499.9    500.3    500.7    501.9    502.2    496.4  
 415.0       516.1    514.9    512.4    509.9    507.2    504.2    484.8    512.4    513.5    514.4    515.1    517.8    519.5    520.5    521.2    521.7    522.4    523.5    523.5  
 420.0       527.0    525.7    523.0    520.0    516.8    513.3    490.9    475.4    535.0    536.0    536.9    540.2    542.3    543.7    544.8    545.6    546.3    547.1    550.6  
 425.0       578.2    578.3    578.6    578.9    579.2    579.4    483.2    514.1    535.6    560.7    561.7    565.5    568.2    570.1    571.5    572.7    573.6    574.5    576.5  
 430.0       607.3    607.3    607.2    607.3    607.4    607.3    606.4    559.4    573.7    584.4    590.0    594.3    597.6    600.0    601.8    603.3    604.6    605.7    607.7  
 435.0       635.4    635.3    634.9    634.5    633.9    630.1    620.2    600.6    567.6    621.0    623.0    627.1    630.9    633.8    636.2    638.1    639.7    641.0    643.4  
 440.0       676.3    676.5    676.8    677.1    677.3    677.6    679.0    585.3    606.9    624.2    637.8    664.4    668.7    672.2    675.0    677.4    679.4    681.0    682.0  
 445.0       719.1    719.1    719.0    719.0    718.9    718.8    718.2    709.9    694.7    676.6    696.3    706.6    711.6    715.6    719.0    722.0    724.0    726.0    728.0  
 450.0       766.6    766.8    767.1    767.4    767.7    768.0    769.5    695.2    673.7    691.2    706.3    754.5    760.1    764.8    766.0    766.0    766.0    766.0    766.0  
