#pT_OLR    0.01000   0.02000   0.04000   0.06000   0.08000   0.10000   0.20000   0.40000   0.60000   0.80000   1.00000   2.00000   3.00000   4.00000   5.00000   6.00000   7.00000   8.00000  10.00000  
 100.0         5.7      5.7      5.7      5.6      5.6      5.6      5.6      5.6      5.6      5.6      5.6      5.6      5.6      5.6      5.6      5.6      5.6      5.6      5.6  
 105.0         6.9      6.9      6.9      6.9      6.8      6.8      6.8      6.8      6.8      6.8      6.8      6.8      6.8      6.7      6.7      6.7      6.7      6.7      6.7  
 110.0         8.3      8.3      8.3      8.2      8.2      8.2      8.2      8.2      8.2      8.1      8.1      8.1      8.1      8.1      8.1      8.1      8.0      8.0      8.0  
 115.0         9.9      9.9      9.9      9.8      9.8      9.8      9.8      9.7      9.7      9.7      9.7      9.6      9.6      9.6      9.6      9.5      9.5      9.5      9.5  
 120.0        11.7     11.7     11.7     11.6     11.6     11.6     11.5     11.5     11.4     11.4     11.4     11.3     11.3     11.3     11.2     11.2     11.2     11.2     11.2  
 125.0        13.8     13.8     13.7     13.7     13.7     13.6     13.5     13.5     13.4     13.4     13.3     13.3     13.2     13.2     13.1     13.1     13.1     13.1     13.0  
 130.0        16.1     16.1     16.0     16.0     15.9     15.9     15.8     15.7     15.6     15.6     15.5     15.4     15.3     15.3     15.2     15.2     15.2     15.1     15.1  
 135.0        18.8     18.7     18.6     18.6     18.5     18.5     18.4     18.2     18.1     18.0     17.9     17.8     17.7     17.6     17.5     17.5     17.4     17.4     17.4  
 140.0        21.7     21.6     21.5     21.4     21.4     21.3     21.2     21.0     20.8     20.7     20.6     20.4     20.3     20.2     20.1     20.0     20.0     19.9     19.9  
 145.0        25.0     24.8     24.7     24.6     24.5     24.4     24.2     24.0     23.8     23.7     23.6     23.3     23.1     23.0     22.9     22.8     22.7     22.7     22.6  
 150.0        28.6     28.4     28.3     28.1     28.0     27.9     27.6     27.3     27.1     26.9     26.8     26.4     26.2     26.1     25.9     25.8     25.8     25.7     25.6  
 155.0        32.6     32.4     32.2     32.0     31.9     31.8     31.4     31.0     30.7     30.5     30.4     29.9     29.6     29.4     29.3     29.2     29.1     29.0     28.8  
 160.0        37.0     36.8     36.5     36.3     36.1     36.0     35.7     35.2     34.7     34.5     34.3     33.7     33.4     33.1     32.9     32.8     32.6     32.5     32.3  
 165.0        41.8     41.5     41.2     41.0     40.8     40.6     40.0     39.4     39.0     38.7     38.5     37.8     37.4     37.1     36.9     36.7     36.5     36.4     36.1  
 170.0        47.1     46.8     46.4     46.1     45.9     45.7     45.0     44.2     43.7     43.4     43.1     42.3     41.8     41.4     41.1     40.9     40.7     40.5     40.3  
 175.0        52.8     52.5     52.0     51.7     51.4     51.2     50.4     49.4     48.9     48.5     48.1     47.1     46.5     46.1     45.7     45.5     45.2     45.0     44.7  
 180.0        59.1     58.7     58.2     57.8     57.4     57.2     56.2     55.1     54.4     54.0     53.6     52.3     51.6     51.1     50.7     50.3     50.1     49.8     49.4  
 185.0        66.0     65.5     64.8     64.4     64.0     63.7     62.5     61.2     60.4     59.9     59.4     58.0     57.1     56.5     56.0     55.6     55.2     54.9     54.4  
 190.0        73.4     72.8     72.1     71.5     71.1     70.7     69.3     67.8     66.9     66.2     65.7     64.0     62.9     62.2     61.6     61.1     60.7     60.3     59.7  
 195.0        81.4     80.7     79.9     79.2     78.7     78.3     76.7     75.0     73.9     73.1     72.4     70.4     69.2     68.3     67.6     67.0     66.5     66.0     65.3  
 200.0        90.0     89.3     88.3     87.5     86.9     86.4     84.6     82.6     81.3     80.4     79.6     77.2     75.8     74.7     73.9     73.2     72.6     72.0     71.2  
 205.0        99.4     98.5     97.3     96.5     95.8     95.2     93.1     90.7     89.2     88.1     87.3     84.4     82.7     81.4     80.5     79.6     78.9     78.3     77.2  
 210.0       109.4    108.3    107.0    106.0    105.2    104.5    102.1     99.4     97.7     96.4     95.4     92.0     90.0     88.5     87.3     86.4     85.5     84.8     83.5  
 215.0       120.2    118.9    117.4    116.2    115.3    114.5    111.8    108.6    106.6    105.1    103.9    100.0     97.6     95.9     94.5     93.3     92.4     91.5     90.0  
 220.0       131.8    130.2    128.4    127.1    126.1    125.2    122.0    118.3    115.9    114.2    112.8    108.3    105.5    103.5    101.9    100.6     99.4     98.4     96.7  
 225.0       144.2    142.2    140.2    138.7    137.5    136.4    132.7    128.5    125.8    123.8    122.2    117.0    113.8    111.4    109.5    108.0    106.7    105.5    103.5  
 230.0       157.4    155.0    152.7    151.0    149.5    148.3    144.1    139.2    136.1    133.8    131.9    125.9    122.2    119.5    117.4    115.6    114.1    112.7    110.5  
 235.0       171.3    168.6    165.9    163.9    162.3    160.9    156.0    150.4    146.8    144.2    142.1    135.2    130.9    127.8    125.4    123.4    121.6    120.1    117.6  
 240.0       186.0    181.4    179.8    177.5    175.6    174.1    168.4    162.0    157.9    154.9    152.5    144.7    139.9    136.3    133.6    131.3    129.3    127.6    124.7  
 245.0       201.0    192.4    194.5    191.8    189.7    187.8    181.4    174.1    169.4    166.0    163.3    154.4    149.0    145.0    141.9    139.3    137.1    135.2    132.0  
 250.0       216.8    214.2    209.8    206.8    204.3    202.2    194.9    186.6    181.3    177.4    174.4    164.4    158.3    153.9    150.4    147.5    145.1    143.0    139.4  
 255.0       233.0    230.8    225.9    222.4    219.6    217.2    208.9    199.4    193.5    189.1    185.7    174.5    167.7    162.8    159.0    155.9    153.2    150.9    147.0  
 260.0       249.7    247.6    238.4    238.6    235.5    232.8    223.3    212.6    206.0    201.1    197.2    184.8    177.4    172.0    167.8    164.4    161.5    159.0    154.8  
 265.0       266.6    264.0    259.7    255.2    251.8    248.8    238.2    226.2    218.7    213.3    209.0    195.3    187.1    181.3    176.7    173.0    169.9    167.2    162.7  
 270.0       283.1    279.7    276.5    267.1    268.3    265.0    253.4    239.9    231.7    225.7    220.9    206.0    197.1    190.7    185.8    181.9    178.5    175.6    170.9  
 275.0       298.5    294.7    292.3    288.3    281.1    281.1    268.6    253.9    244.7    238.1    233.0    216.7    207.1    200.3    195.1    190.8    187.3    184.2    179.1  
 280.0       312.2    308.1    304.1    303.0    299.7    293.2    283.5    267.7    257.8    250.6    245.0    227.4    217.1    209.9    204.3    199.8    196.1    192.8    187.5  
 285.0       327.9    324.1    319.4    316.0    313.1    310.1    297.5    281.0    270.4    262.7    256.6    238.4    227.8    220.3    213.3    208.7    204.8    201.3    195.6  
 290.0       338.1    334.5    330.1    326.9    324.3    321.9    310.3    293.8    282.7    274.5    268.1    248.6    237.6    229.8    223.5    215.6    213.1    209.5    203.5  
 295.0       345.8    342.5    338.5    335.6    333.2    331.1    318.8    305.5    294.1    285.6    278.9    258.1    247.0    238.7    232.4    226.4    221.0    217.1    210.6  
 300.0       351.1    348.1    344.4    342.0    339.9    338.0    330.1    315.5    304.3    295.6    288.7    266.8    255.4    246.8    240.1    234.4    227.0    223.8    216.9  
 305.0       354.1    351.5    348.5    346.4    344.6    343.0    336.6    323.7    313.0    304.3    297.3    274.6    262.3    253.7    246.8    241.1    235.6    228.8    222.3  
 310.0       329.7    353.6    351.1    349.5    348.1    346.8    341.3    330.5    320.7    312.2    305.0    281.5    268.3    259.7    252.5    246.6    241.4    236.5    227.0  
 315.0       314.2    355.1    353.2    351.9    350.8    349.9    345.3    336.6    327.8    319.7    312.5    288.2    273.8    264.7    257.6    251.5    246.3    241.7    230.4  
 320.0       314.6    356.5    355.3    354.5    353.6    352.8    349.1    342.4    334.4    327.0    320.1    295.2    279.9    270.0    262.4    256.4    251.1    246.4    237.9  
 325.0       331.1    344.8    357.8    357.2    356.6    355.9    353.0    347.2    340.7    334.2    327.8    302.8    286.7    275.9    268.5    261.8    256.2    251.3    243.2  
 330.0       327.1    359.6    360.4    359.9    359.4    358.9    356.6    351.5    346.8    334.5    335.3    310.9    294.2    282.3    274.6    267.7    261.8    256.8    247.1  
 335.0       310.2    326.4    363.1    362.7    362.2    361.8    360.0    355.8    351.8    347.4    340.3    319.6    302.5    290.0    280.7    274.4    268.2    262.9    254.1  
 340.0       324.5    293.0    365.9    365.5    365.3    365.0    363.4    360.0    356.5    353.2    349.3    328.6    311.5    298.6    288.6    281.2    275.4    269.9    260.8  
 345.0       370.5    353.1    363.9    368.5    368.4    368.0    366.8    364.0    361.2    358.4    355.6    337.7    321.3    308.1    297.6    289.1    282.9    277.7    268.1  
 350.0       384.5    343.7    356.7    366.1    371.6    371.5    370.5    368.3    366.0    363.6    361.3    346.7    331.5    318.4    307.7    298.8    291.4    285.9    276.4  
 355.0       389.4    342.5    355.1    364.6    375.1    375.0    374.2    372.6    370.9    369.0    367.1    352.3    342.1    329.5    318.6    309.5    301.7    295.1    285.5  
 360.0       389.9    385.2    361.8    369.5    375.6    379.0    378.6    377.4    376.1    374.7    373.2    364.5    352.8    341.1    330.5    321.2    313.2    306.2    295.3  
 365.0       378.2    370.7    350.6    380.1    383.7    383.7    383.5    382.7    381.8    380.8    379.6    373.0    363.4    353.1    343.0    333.9    325.8    318.6    306.6  
 370.0       330.2    317.2    309.9    323.3    336.7    389.0    388.9    388.8    388.2    387.4    386.5    381.4    372.1    365.3    356.2    347.5    339.5    332.2    319.9  
 375.0       411.1    409.9    360.7    368.4    375.1    380.8    395.4    395.5    395.1    394.7    394.0    390.0    385.0    377.5    369.7    361.8    354.1    347.0    334.5  
 380.0       372.9    365.3    348.0    328.8    322.3    330.7    402.9    403.1    403.0    402.8    402.4    399.4    395.7    389.8    383.5    376.6    369.6    362.8    350.4  
 385.0       425.3    424.2    421.2    416.0    389.2    393.8    410.3    411.9    412.0    411.8    411.7    409.7    406.7    403.2    390.6    391.9    385.8    379.6    367.7  
 390.0       441.9    441.7    345.9    353.6    361.6    369.1    397.7    421.8    422.1    422.2    422.2    421.0    418.8    416.5    412.7    406.4    402.6    397.2    386.2  
 395.0       406.5    401.9    391.7    380.2    367.5    355.2    376.1    433.1    433.6    433.8    434.0    433.7    432.2    430.3    428.2    424.5    419.7    415.6    406.0  
 400.0       443.4    441.1    436.0    430.1    423.3    415.4    365.7    446.1    446.6    447.0    447.4    447.8    447.0    445.7    444.3    442.1    438.8    434.5    427.0  
 405.0       467.1    465.5    462.2    458.6    454.4    449.7    415.3    460.8    461.4    462.1    462.5    463.7    463.5    462.8    461.7    460.9    458.7    455.9    449.1  
 410.0       486.3    484.6    481.8    478.8    475.6    472.0    446.5    477.6    478.6    479.2    479.9    481.5    482.1    481.9    481.3    480.5    480.0    478.2    466.3  
 415.0       501.0    499.8    497.1    494.2    491.0    487.5    463.8    496.8    497.9    498.8    499.4    501.8    502.9    503.4    503.2    502.8    502.4    502.2    498.8  
 420.0       511.0    509.5    506.2    502.6    498.7    494.4    467.4    449.6    519.9    520.9    521.8    524.8    526.5    527.5    527.9    527.9    527.8    527.6    526.7  
 425.0       563.4    563.5    563.8    564.0    564.3    564.6    460.2    491.2    516.9    546.1    547.1    550.8    553.1    554.7    555.6    556.1    556.4    556.4    556.7  
 430.0       592.9    592.8    592.6    592.4    592.3    592.1    590.8    540.4    557.6    570.0    576.0    580.2    583.2    585.4    586.9    587.8    588.5    589.0    589.5  
 435.0       619.2    618.9    618.4    617.8    617.1    616.2    607.0    584.2    544.6    607.5    610.6    613.7    617.3    620.1    622.1    623.6    624.8    625.7    626.9  
 440.0       661.5    661.6    661.9    662.2    662.5    662.8    664.2    567.1    584.9    606.0    622.3    651.7    656.0    659.3    661.9    664.0    665.6    665.6    665.6  
 445.0       703.6    703.5    703.4    703.3    703.2    703.1    702.3    698.4    682.3    661.4    684.0    694.6    699.7    703.6    706.8    706.8    706.8    706.8    706.8  
 450.0       751.1    751.3    751.6    752.0    752.3    752.6    753.9    674.4    659.0    668.9    688.1    743.5    749.0    749.0    749.0    749.0    749.0    749.0    749.0  
