#pT_OLR    0.01000   0.02000   0.04000   0.06000   0.08000   0.10000   0.20000   0.40000   0.60000   0.80000   1.00000   2.00000   3.00000   4.00000   5.00000   6.00000   7.00000   8.00000  10.00000  
 100.0         5.7      5.7      5.7      5.7      5.7      5.7      5.8      5.7      5.6      5.6      5.6      5.6      5.6      5.6      5.6      5.6      5.6      5.6      5.6  
 105.0         6.9      6.9      6.9      6.9      6.9      6.9      6.9      6.9      6.9      6.9      6.8      6.8      6.8      6.8      6.8      6.8      6.8      6.8      6.8  
 110.0         8.3      8.3      8.3      8.3      8.3      8.3      8.4      8.2      8.2      8.2      8.2      8.2      8.2      8.2      8.2      8.2      8.2      8.1      8.1  
 115.0         9.9      9.9      9.9      9.9      9.9      9.9      9.9      9.8      9.8      9.8      9.8      9.8      9.8      9.7      9.7      9.7      9.7      9.7      9.7  
 120.0        11.8     11.8     11.7     11.7     11.7     11.7     11.7     10.7     11.6     11.6     11.6     11.6     11.5     11.5     11.5     11.5     11.4     11.4     11.4  
 125.0        13.8     13.8     13.8     13.8     13.8     13.8     13.8     12.2     13.7     13.7     13.6     13.6     13.5     13.5     13.5     13.4     13.4     13.4     13.4  
 130.0        16.2     16.2     16.2     16.2     16.2     16.1     16.1     14.0     16.0     16.0     15.9     15.8     15.8     15.7     15.7     15.6     15.6     15.6     15.5  
 135.0        18.8     18.8     18.8     18.8     18.8     18.8     18.7     17.3     18.6     18.5     18.5     18.3     18.2     18.2     18.1     18.1     18.1     18.0     18.0  
 140.0        21.8     21.8     21.7     21.7     21.7     21.7     21.6     21.2     21.4     21.4     21.3     21.1     21.0     20.9     20.9     20.8     20.8     20.7     20.7  
 145.0        25.1     25.0     25.0     25.0     25.0     25.0     24.9     24.7     24.6     24.6     24.5     24.2     24.1     24.0     23.9     23.8     23.8     23.7     23.6  
 150.0        28.7     28.7     28.6     28.6     28.6     28.6     28.5     28.3     28.2     28.1     28.0     27.7     27.5     27.4     27.2     27.2     27.1     27.0     26.9  
 155.0        32.7     32.7     32.7     32.6     32.6     32.6     32.4     32.2     32.1     31.9     31.8     31.5     31.2     31.1     30.9     30.8     30.7     30.6     30.5  
 160.0        37.1     37.1     37.1     37.0     37.0     37.0     36.8     36.5     36.4     36.2     36.1     35.6     35.3     35.1     34.9     34.8     34.7     34.6     34.4  
 165.0        42.0     42.0     41.9     41.9     41.8     41.8     41.6     41.3     41.1     40.9     40.7     40.2     39.8     39.5     39.3     39.2     39.0     38.9     38.7  
 170.0        47.3     47.3     47.2     47.2     47.1     47.1     46.8     46.5     46.2     46.0     45.8     45.1     44.7     44.4     44.1     43.9     43.7     43.6     43.3  
 175.0        53.1     53.1     53.0     53.0     52.9     52.8     52.6     52.1     51.8     51.5     51.3     50.5     50.0     49.6     49.3     49.1     48.9     48.7     48.4  
 180.0        59.5     59.4     59.3     59.3     59.2     59.1     58.8     58.3     57.9     57.6     57.3     56.4     55.8     55.3     55.0     54.7     54.4     54.2     53.8  
 185.0        66.4     66.3     66.2     66.1     66.0     65.9     65.5     65.0     64.5     64.1     63.8     62.7     62.0     61.5     61.0     60.7     60.4     60.1     59.7  
 190.0        73.8     73.8     73.6     73.5     73.4     73.3     72.9     72.2     71.6     71.2     70.8     69.6     68.7     68.1     67.6     67.1     66.8     66.5     65.9  
 195.0        81.9     81.8     81.7     81.5     81.4     81.3     80.8     80.0     79.3     78.8     78.4     76.9     75.9     75.1     74.5     74.0     73.6     73.2     72.6  
 200.0        90.6     90.5     90.3     90.2     90.0     89.9     89.3     88.3     87.6     87.0     86.5     84.7     83.6     82.7     82.0     81.4     80.9     80.4     79.6  
 205.0       100.0     99.9     99.6     99.5     99.3     99.1     98.4     97.3     96.5     95.8     95.2     93.1     91.7     90.7     89.8     89.1     88.5     88.0     87.1  
 210.0       110.1    109.9    109.7    109.4    109.2    109.0    108.2    106.9    105.9    105.1    104.4    102.0    100.3     99.1     98.1     97.3     96.6     96.0     94.9  
 215.0       121.0    120.7    120.4    120.1    119.8    119.6    118.6    117.1    115.9    115.0    114.2    111.3    109.4    108.0    106.8    105.9    105.0    104.3    103.1  
 220.0       132.6    132.2    131.8    131.5    131.2    130.9    129.7    127.9    126.5    125.4    124.5    121.1    118.9    117.3    115.9    114.8    113.8    113.0    111.5  
 225.0       145.0    144.4    144.0    143.5    143.2    142.8    141.4    139.3    137.7    136.4    135.3    131.4    128.9    127.0    125.4    124.1    123.0    122.0    120.3  
 230.0       158.2    157.5    156.9    156.4    155.9    155.5    153.8    151.3    149.5    148.0    146.7    142.2    139.2    137.0    135.2    133.7    132.5    131.3    129.4  
 235.0       172.2    171.3    170.5    169.9    169.4    168.9    166.8    163.9    161.8    160.0    158.5    153.3    150.0    147.4    145.4    143.7    142.2    140.9    138.7  
 240.0       187.0    184.7    184.9    184.1    183.5    182.9    180.5    177.1    174.6    172.5    170.8    164.9    161.0    158.1    155.8    153.9    152.2    150.8    148.3  
 245.0       202.3    197.1    200.0    199.1    198.3    197.6    194.7    190.8    187.8    185.5    183.6    176.8    172.4    169.1    166.5    164.3    162.4    160.8    158.0  
 250.0       218.4    217.4    215.7    214.6    213.7    212.9    209.5    204.9    201.6    198.9    196.7    189.0    184.0    180.3    177.4    174.9    172.8    171.0    167.9  
 255.0       235.0    234.1    232.1    230.8    229.7    228.7    224.8    219.5    215.7    212.7    210.1    201.4    195.8    191.7    188.4    185.7    183.4    181.3    177.9  
 260.0       252.9    251.3    245.3    247.4    246.2    245.0    240.6    234.5    230.2    226.7    223.9    214.1    207.9    203.3    199.6    196.6    194.1    191.8    188.1  
 265.0       271.0    268.7    266.4    264.4    263.0    261.7    256.7    249.8    244.9    241.1    237.9    226.9    220.0    215.0    210.9    207.6    204.8    202.4    198.3  
 270.0       289.0    286.4    283.7    275.1    279.9    278.5    272.9    265.3    259.8    255.5    252.0    239.9    232.3    226.7    222.3    218.7    215.7    213.0    208.6  
 275.0       306.6    303.7    300.5    298.4    293.2    295.0    289.1    280.8    274.7    270.0    266.1    252.8    244.5    238.4    233.7    229.8    226.5    223.6    218.9  
 280.0       322.9    319.9    316.3    314.2    312.4    307.6    304.6    295.8    289.4    284.2    280.0    265.6    256.6    250.1    245.0    240.8    237.3    234.2    229.1  
 285.0       337.4    334.3    330.7    328.4    326.7    325.2    319.1    310.3    303.6    298.1    293.6    278.2    268.6    261.6    256.1    251.6    247.8    244.6    239.1  
 290.0       349.9    346.8    343.3    340.9    339.2    337.8    332.0    323.6    316.9    311.3    306.6    290.4    280.2    272.7    266.9    262.1    258.1    254.6    248.8  
 295.0       360.1    357.1    353.7    351.4    349.7    348.3    341.2    335.4    329.0    323.4    318.7    302.0    291.2    283.3    277.2    272.1    267.8    264.1    257.9  
 300.0       367.8    365.0    361.7    359.7    358.1    356.7    352.2    345.3    339.4    334.1    329.4    312.5    301.3    293.1    286.6    281.3    276.8    272.8    266.2  
 305.0       373.0    370.5    367.5    365.6    364.2    363.0    359.0    352.9    347.7    342.9    338.5    321.8    310.4    301.8    295.1    289.5    284.7    280.6    273.5  
 310.0       355.2    373.9    371.3    369.7    368.5    367.4    363.7    358.5    354.1    349.9    345.8    329.7    318.1    309.3    302.3    296.5    291.5    287.1    279.8  
 315.0       343.0    375.8    373.7    372.4    371.4    370.6    367.4    362.9    359.1    355.4    351.8    336.4    324.7    315.8    308.5    302.5    297.4    292.8    285.2  
 320.0       343.2    377.0    375.5    374.7    373.9    373.3    370.8    367.0    363.4    360.2    357.0    342.1    330.3    321.1    313.7    308.1    302.7    298.0    290.1  
 325.0       356.5    367.3    377.5    376.9    376.5    375.9    373.9    370.6    367.5    364.6    361.8    348.0    336.4    327.0    319.4    313.7    308.1    303.3    295.1  
 330.0       353.1    379.2    379.8    379.4    379.1    378.8    377.2    374.1    371.7    364.4    366.5    354.1    342.7    333.3    325.4    319.7    314.0    309.0    300.6  
 335.0       339.0    352.7    382.5    382.2    381.9    381.6    380.4    377.8    375.6    373.5    369.4    360.2    349.4    340.0    332.1    326.4    320.5    315.3    306.6  
 340.0       351.6    324.0    385.3    385.0    384.9    384.7    383.6    381.5    379.4    377.7    375.8    366.2    356.4    347.3    339.3    333.9    327.8    322.4    313.4  
 345.0       389.6    375.6    384.2    388.1    388.0    387.7    387.0    385.2    383.4    381.9    380.5    372.2    363.6    355.0    347.2    342.1    335.9    330.4    321.0  
 350.0       401.9    368.6    379.1    386.7    391.2    391.1    390.5    389.0    387.6    386.2    385.2    378.2    370.9    363.1    355.7    348.9    342.7    337.2    327.7  
 355.0       406.6    368.3    378.5    386.1    394.6    394.6    394.1    393.1    392.0    390.9    389.8    381.8    378.2    371.5    364.6    358.1    352.0    346.4    336.8  
 360.0       407.9    403.6    384.6    390.8    395.6    398.5    398.2    397.5    396.8    395.9    395.0    391.0    385.6    380.0    374.0    367.9    362.0    356.6    346.8  
 365.0       398.5    392.5    376.1    400.0    403.0    403.0    402.9    402.4    402.0    401.4    400.8    397.9    393.3    388.7    383.6    378.1    372.7    367.5    357.8  
 370.0       359.4    347.5    341.2    353.1    364.8    408.0    408.1    408.1    407.9    407.5    407.1    405.0    400.1    397.7    393.4    388.8    384.0    379.1    369.8  
 375.0       427.7    426.8    385.9    392.2    397.6    402.1    414.2    414.5    414.5    414.4    414.1    412.3    410.6    407.1    403.7    399.8    395.7    391.4    382.7  
 380.0       396.8    390.6    375.9    358.2    352.8    360.4    421.3    421.8    421.9    422.0    421.9    420.8    420.1    417.1    414.4    411.4    407.9    404.3    396.5  
 385.0       442.0    441.2    438.8    433.4    411.3    415.0    428.6    430.2    430.5    430.7    430.7    430.2    429.5    428.6    422.0    423.5    420.8    417.8    411.1  
 390.0       456.5    456.4    374.6    382.3    389.4    395.8    419.7    439.8    440.3    440.6    440.8    440.9    440.3    440.8    439.1    435.6    434.5    432.1    426.6  
 395.0       428.5    424.8    416.4    406.6    395.6    383.3    402.9    450.8    451.3    451.8    452.1    452.8    452.6    452.5    452.9    451.3    449.0    447.4    443.0  
 400.0       460.7    458.8    454.6    449.8    444.2    437.8    399.4    463.3    464.0    464.6    465.1    466.3    466.6    466.6    467.0    467.3    465.7    463.6    460.7  
 405.0       483.3    481.7    478.6    475.4    472.0    468.1    439.7    477.7    478.5    479.2    479.7    481.5    482.3    482.6    482.9    483.9    484.0    482.8    479.9  
 410.0       502.4    500.6    497.7    494.9    492.0    489.0    468.1    494.1    495.1    495.8    496.5    498.8    500.0    500.7    501.2    501.7    503.0    503.4    498.1  
 415.0       516.6    515.3    512.9    510.3    507.6    504.7    485.2    512.9    513.9    514.9    515.6    518.4    520.1    521.2    522.0    522.6    523.3    524.6    524.9  
 420.0       527.4    526.1    523.4    520.4    517.2    513.8    491.3    475.8    535.5    536.5    537.4    540.7    542.9    544.4    545.5    546.4    547.2    548.1    551.8  
 425.0       578.6    578.7    579.0    579.3    579.6    579.8    483.6    514.6    536.1    561.2    562.2    566.1    568.8    570.8    572.3    573.4    574.4    575.4    577.5  
 430.0       607.7    607.7    607.6    607.7    607.8    607.7    606.9    559.8    574.2    584.9    590.5    594.9    598.1    600.6    602.5    604.1    605.4    606.5    608.7  
 435.0       635.9    635.8    635.4    634.9    634.4    630.5    620.7    601.0    568.0    621.4    623.0    627.6    631.4    634.4    636.8    638.8    640.4    641.8    644.3  
 440.0       676.8    676.9    677.2    677.5    677.8    678.1    679.4    585.7    607.3    624.6    638.3    664.9    669.2    672.8    675.6    678.1    680.1    682.0    683.0  
 445.0       719.5    719.5    719.5    719.4    719.3    719.3    718.7    710.4    695.1    677.1    696.8    707.1    712.1    716.2    719.6    720.0    721.0    722.0    723.0  
 450.0       767.0    767.2    767.5    767.8    768.2    768.5    770.0    695.6    674.1    691.6    706.8    755.1    760.7    765.4    767.0    767.0    767.0    767.0    767.0  
