#pT_OLR    0.01000   0.02000   0.04000   0.06000   0.08000   0.10000   0.20000   0.40000   0.60000   0.80000   1.00000   2.00000   3.00000   4.00000   5.00000   6.00000   7.00000   8.00000  10.00000  
 100.0         5.7      5.7      5.7      5.6      5.6      5.6      5.8      5.6      5.6      5.6      5.6      5.6      5.6      5.6      5.6      5.6      5.6      5.6      5.6  
 105.0         6.9      6.9      6.9      6.9      6.9      6.8      6.9      6.8      6.8      6.8      6.8      6.8      6.8      6.7      6.7      6.7      6.7      6.7      6.7  
 110.0         8.3      8.3      8.3      8.3      8.2      8.2      8.4      8.2      8.2      8.2      8.1      8.1      8.1      8.1      8.1      8.1      8.1      8.0      8.0  
 115.0         9.9      9.9      9.9      9.8      9.8      9.8      9.8      9.7      9.7      9.7      9.7      9.6      9.6      9.6      9.6      9.6      9.6      9.5      9.5  
 120.0        11.7     11.7     11.7     11.7     11.6     11.6     11.6     10.7     11.5     11.4     11.4     11.4     11.3     11.3     11.3     11.2     11.2     11.2     11.2  
 125.0        13.8     13.8     13.7     13.7     13.7     13.7     13.6     12.2     13.4     13.4     13.4     13.3     13.2     13.2     13.2     13.1     13.1     13.1     13.1  
 130.0        16.2     16.1     16.1     16.0     16.0     15.9     15.8     14.0     15.7     15.6     15.6     15.4     15.4     15.3     15.3     15.2     15.2     15.2     15.1  
 135.0        18.8     18.7     18.6     18.6     18.5     18.5     18.4     17.1     18.1     18.0     18.0     17.8     17.7     17.6     17.6     17.5     17.5     17.5     17.4  
 140.0        21.7     21.6     21.5     21.5     21.4     21.4     21.2     20.7     20.8     20.8     20.7     20.5     20.3     20.2     20.2     20.1     20.0     20.0     19.9  
 145.0        25.0     24.9     24.8     24.7     24.6     24.5     24.3     24.0     23.9     23.8     23.7     23.4     23.2     23.1     23.0     22.9     22.8     22.8     22.7  
 150.0        28.6     28.5     28.3     28.2     28.1     28.0     27.7     27.4     27.2     27.1     26.9     26.6     26.4     26.2     26.1     26.0     25.9     25.8     25.7  
 155.0        32.6     32.5     32.3     32.1     32.0     31.9     31.5     31.1     30.9     30.7     30.5     30.1     29.8     29.6     29.5     29.3     29.2     29.1     29.0  
 160.0        37.0     36.8     36.6     36.4     36.3     36.1     35.7     35.2     34.9     34.6     34.5     33.9     33.6     33.3     33.1     33.0     32.8     32.7     32.5  
 165.0        41.8     41.6     41.3     41.1     40.9     40.8     40.2     39.6     39.3     39.0     38.8     38.1     37.6     37.4     37.1     36.9     36.8     36.6     36.4  
 170.0        47.1     46.9     46.5     46.3     46.1     45.9     45.2     44.5     44.0     43.7     43.4     42.6     42.1     41.7     41.4     41.2     41.0     40.9     40.6  
 175.0        52.9     52.6     52.2     51.9     51.6     51.4     50.7     49.8     49.2     48.8     48.5     47.5     46.9     46.5     46.1     45.8     45.6     45.4     45.1  
 180.0        59.2     58.9     58.4     58.0     57.7     57.5     56.5     55.5     54.8     54.4     54.0     52.8     52.1     51.5     51.1     50.8     50.5     50.3     49.9  
 185.0        66.0     65.6     65.1     64.7     64.3     64.0     62.9     61.7     60.9     60.4     59.9     58.5     57.6     57.0     56.5     56.1     55.8     55.5     55.0  
 190.0        73.5     73.0     72.4     71.9     71.4     71.1     69.8     68.4     67.5     66.8     66.3     64.6     63.6     62.9     62.3     61.8     61.4     61.0     60.4  
 195.0        81.5     80.9     80.2     79.6     79.2     78.7     77.3     75.6     74.5     73.8     73.2     71.2     70.0     69.1     68.4     67.8     67.3     66.9     66.2  
 200.0        90.2     89.5     88.7     88.0     87.5     87.0     85.3     83.3     82.1     81.2     80.5     78.1     76.7     75.7     74.9     74.2     73.6     73.1     72.3  
 205.0        99.5     98.8     97.8     97.0     96.4     95.8     93.9     91.6     90.2     89.1     88.3     85.6     83.9     82.7     81.7     80.9     80.2     79.6     78.6  
 210.0       109.6    108.7    107.5    106.7    105.9    105.3    103.1    100.5     98.8     97.6     96.6     93.4     91.4     90.0     88.8     87.9     87.1     86.4     85.2  
 215.0       120.4    119.3    118.0    117.0    116.2    115.4    112.9    109.8    107.9    106.5    105.3    101.6     99.3     97.6     96.3     95.2     94.2     93.4     92.0  
 220.0       132.0    130.7    129.2    128.0    127.1    126.2    123.3    119.8    117.5    115.9    114.6    110.2    107.6    105.6    104.0    102.8    101.6    100.7     99.0  
 225.0       144.4    142.8    141.1    139.7    138.6    137.7    134.3    130.3    127.7    125.8    124.2    119.2    116.1    113.9    112.1    110.6    109.3    108.2    106.3  
 230.0       157.6    155.7    153.7    152.2    150.9    149.8    145.9    141.3    138.3    136.1    134.4    128.6    125.0    122.4    120.3    118.6    117.1    115.8    113.7  
 235.0       171.7    169.4    167.1    165.3    163.9    162.6    158.1    152.8    149.4    146.9    144.9    138.3    134.2    131.2    128.8    126.8    125.2    123.7    121.2  
 240.0       186.4    182.7    181.2    179.2    177.5    176.1    170.9    164.9    161.0    158.1    155.8    148.3    143.6    140.2    137.5    135.3    133.4    131.7    128.9  
 245.0       201.7    195.1    196.1    193.8    191.9    190.2    184.3    177.4    173.0    169.7    167.1    158.5    153.3    149.4    146.4    143.9    141.7    139.9    136.7  
 250.0       217.7    215.5    211.8    209.1    206.9    205.0    198.3    190.4    185.4    181.7    178.7    169.1    163.1    158.8    155.4    152.6    150.3    148.2    144.7  
 255.0       234.2    232.3    228.1    225.1    222.6    220.5    212.7    203.8    198.1    194.0    190.6    179.8    173.2    168.4    164.7    161.6    158.9    156.6    152.8  
 260.0       252.2    249.6    241.5    241.7    238.9    236.5    227.7    217.6    211.1    206.4    202.7    190.7    183.5    178.2    174.0    170.6    167.8    165.3    161.1  
 265.0       270.1    267.1    262.7    258.9    255.8    253.1    243.2    231.8    224.6    219.3    215.1    201.9    193.9    188.1    183.6    179.9    176.8    174.1    169.6  
 270.0       288.0    284.7    280.4    269.9    272.9    270.0    259.1    246.3    238.3    232.4    227.8    213.3    204.5    198.2    193.3    189.3    186.0    183.1    178.3  
 275.0       305.4    301.9    297.3    293.6    286.7    286.9    275.3    261.1    252.2    245.7    240.6    224.8    215.2    208.5    203.2    198.9    195.3    192.2    187.1  
 280.0       321.6    317.9    313.2    309.8    306.4    300.2    291.3    276.0    266.2    259.1    253.6    236.4    226.1    218.8    213.2    208.6    204.8    201.5    196.1  
 285.0       335.9    332.3    327.7    324.3    321.5    318.7    306.7    290.7    280.2    272.5    266.5    248.0    237.0    229.2    223.2    218.4    214.4    210.9    205.1  
 290.0       348.3    344.8    340.4    337.2    334.6    332.2    321.0    304.9    293.9    285.7    279.2    259.4    247.7    239.5    233.2    228.1    223.8    220.1    214.0  
 295.0       358.4    355.1    351.0    348.0    345.6    343.5    331.9    318.2    306.9    298.3    291.5    270.3    258.2    249.5    242.8    237.4    232.9    229.0    222.5  
 300.0       366.1    363.1    359.2    356.6    354.4    352.5    344.4    330.0    318.8    310.1    303.0    280.7    268.2    259.0    251.9    246.2    241.4    237.3    230.4  
 305.0       371.3    368.6    365.2    362.8    360.9    359.3    352.6    339.9    329.3    320.5    313.4    290.2    277.2    267.6    260.1    254.1    249.0    244.7    237.3  
 310.0       353.6    372.1    369.1    367.1    365.5    364.1    358.4    347.8    338.1    329.6    322.5    298.7    285.0    275.9    267.4    261.0    255.7    251.1    243.4  
 315.0       341.4    374.0    371.6    370.0    368.7    367.7    362.9    354.2    345.7    337.7    330.7    306.3    291.6    282.1    273.8    267.2    261.6    256.7    248.7  
 320.0       341.6    375.2    373.5    372.5    371.4    370.6    366.8    360.1    352.4    345.2    338.5    313.7    298.3    288.1    280.2    272.9    267.1    262.1    253.7  
 325.0       354.8    365.5    375.6    374.8    374.1    373.4    370.4    364.9    358.6    352.4    346.2    321.5    305.4    294.1    286.0    278.9    272.8    267.6    258.9  
 330.0       351.4    377.5    377.9    377.4    376.9    376.4    374.0    369.2    364.7    354.6    353.7    329.7    313.0    301.0    292.3    285.2    279.3    273.6    264.5  
 335.0       337.5    351.0    380.6    380.1    379.7    379.3    377.5    373.6    369.8    365.6    359.1    338.5    321.4    308.9    299.2    292.0    285.6    280.4    270.9  
 340.0       349.9    322.5    383.4    383.1    382.9    382.5    381.0    377.7    374.4    371.3    367.6    347.5    330.5    317.5    307.4    299.3    293.0    287.2    277.9  
 345.0       387.9    373.8    382.4    386.1    386.0    385.6    384.5    381.8    379.1    376.5    373.8    356.5    340.3    327.1    316.5    307.9    300.8    295.2    285.2  
 350.0       400.4    366.8    377.3    384.8    389.2    389.1    388.1    386.0    383.8    381.6    379.6    365.4    350.5    337.4    326.6    317.6    310.1    303.7    293.7  
 355.0       405.1    366.6    376.7    384.3    392.7    392.7    391.9    390.3    388.6    386.8    385.0    371.7    361.0    348.5    337.6    328.4    320.5    313.7    303.1  
 360.0       406.3    401.9    382.8    388.9    393.8    396.6    396.1    394.9    393.7    392.3    390.8    382.8    371.5    360.0    349.5    340.2    332.1    325.1    313.4  
 365.0       396.8    390.7    374.4    398.2    401.2    401.1    400.8    400.0    399.1    398.1    397.0    391.2    382.0    372.0    362.0    352.9    344.8    337.6    325.4  
 370.0       357.9    346.1    339.9    351.7    363.2    406.2    406.1    405.8    405.2    404.5    403.7    399.3    390.9    384.0    375.1    366.5    358.5    351.2    338.7  
 375.0       426.4    425.4    384.2    390.5    395.8    400.3    412.3    412.3    411.9    411.5    410.9    407.4    403.2    396.1    388.5    380.7    373.1    366.0    353.4  
 380.0       395.2    389.0    374.3    356.8    351.5    359.0    419.4    419.7    419.5    419.4    419.0    416.4    413.9    408.3    402.2    395.4    388.5    381.8    369.4  
 385.0       440.6    439.7    437.2    431.7    409.6    413.2    426.7    428.1    428.3    428.1    428.0    426.3    424.1    421.4    412.2    410.6    404.6    398.5    386.7  
 390.0       455.8    455.6    373.2    380.9    387.9    394.2    417.8    437.7    438.0    438.2    438.2    437.3    435.6    434.7    431.1    425.2    421.3    416.0    405.2  
 395.0       426.8    423.1    414.7    405.1    394.1    381.9    401.4    448.8    449.2    449.5    449.6    449.5    448.4    447.2    446.3    442.9    438.4    434.3    424.9  
 400.0       459.0    457.0    452.8    448.0    442.5    436.1    398.0    461.4    461.9    462.3    462.7    463.2    462.7    461.8    461.2    460.2    457.1    453.1    445.7  
 405.0       481.6    480.0    476.9    473.7    470.2    466.3    438.1    475.7    476.4    477.0    477.4    478.6    478.7    478.3    477.8    477.8    476.8    474.2    467.8  
 410.0       500.7    498.9    495.9    493.1    490.2    487.2    466.3    492.2    493.0    493.7    494.3    496.0    496.7    496.8    496.6    496.4    496.9    496.2    488.3  
 415.0       514.8    513.6    511.1    508.5    505.8    502.9    483.5    511.0    511.9    512.7    513.4    515.7    517.0    517.5    517.8    517.8    517.9    518.4    516.8  
 420.0       525.6    524.3    521.6    518.6    515.4    512.0    489.7    474.3    533.5    534.4    535.2    538.1    539.9    541.0    541.6    542.0    542.2    542.6    544.9  
 425.0       577.2    577.4    577.7    578.0    578.2    578.5    482.3    513.0    534.2    559.1    560.0    563.6    565.9    567.5    568.6    569.4    569.9    570.4    571.4  
 430.0       606.4    606.3    606.2    606.2    606.3    606.2    605.2    558.0    572.2    582.8    588.3    592.4    595.3    597.5    599.0    600.2    601.2    601.9    603.2  
 435.0       634.1    634.0    633.6    633.1    632.5    628.7    618.7    599.1    566.3    619.3    621.0    625.2    628.7    631.4    633.5    635.1    636.4    637.5    639.3  
 440.0       675.1    675.3    675.6    675.8    676.1    676.4    677.8    584.3    605.6    622.8    636.3    662.5    666.6    669.8    672.4    674.6    676.4    678.0    680.0  
 445.0       717.8    717.8    717.7    717.6    717.5    717.4    716.8    708.4    693.0    675.1    694.6    704.7    709.5    713.3    716.5    717.0    718.0    719.0    719.0  
 450.0       765.2    765.3    765.7    766.0    766.3    766.6    768.1    693.9    672.7    690.0    704.9    752.7    758.1    762.6    763.0    763.0    763.0    763.0    763.0  
