#pT_OLR    0.01000   0.02000   0.04000   0.06000   0.08000   0.10000   0.20000   0.40000   0.60000   0.80000   1.00000   2.00000   3.00000   4.00000   5.00000   6.00000   7.00000   8.00000  10.00000
 100.0         5.7      5.7      5.7      5.7      5.6      5.6      5.6      5.6      5.6      5.6      5.6      5.6      5.6      5.6      5.6      5.6      5.6      5.6      5.6
 105.0         6.9      6.9      6.9      6.9      6.9      6.9      6.9      6.8      6.8      6.8      6.8      6.8      6.8      6.8      6.7      6.7      6.7      6.7      6.7
 110.0         8.3      8.3      8.3      8.3      8.2      8.2      8.2      8.2      8.2      8.2      8.1      8.1      8.1      8.1      8.1      8.1      8.1      8.1      8.0
 115.0         9.9      9.9      9.9      9.9      9.8      9.8      9.8      9.7      9.7      9.7      9.7      9.6      9.6      9.6      9.6      9.6      9.6      9.6      9.5
 120.0        11.7     11.7     11.7     11.7     11.6     11.6     11.6     11.5     11.5     11.5     11.4     11.4     11.3     11.3     11.3     11.3     11.2     11.2     11.2
 125.0        13.8     13.8     13.7     13.7     13.7     13.7     13.7     13.5     13.5     13.4     13.4     13.3     13.2     13.2     13.2     13.1     13.1     13.1     13.1
 130.0        16.2     16.1     16.1     16.0     16.0     16.0     16.0     15.7     15.7     15.6     15.6     15.5     15.4     15.3     15.3     15.2     15.2     15.2     15.2
 135.0        18.8     18.7     18.7     18.6     18.6     18.5     18.5     18.1     18.1     18.1     18.0     17.9     17.7     17.7     17.6     17.6     17.5     17.5     17.4
 140.0        21.7     21.7     21.6     21.5     21.4     21.4     21.4     20.9     20.9     20.8     20.7     20.5     20.4     20.3     20.2     20.1     20.1     20.0     20.0
 145.0        25.0     24.9     24.8     24.7     24.6     24.6     24.6     23.9     23.9     23.8     23.7     23.4     23.3     23.1     23.0     23.0     22.9     22.8     22.7
 150.0        28.6     28.5     28.4     28.2     28.1     28.1     28.1     27.3     27.3     27.1     27.0     26.6     26.4     26.3     26.1     26.0     26.0     25.9     25.8
 155.0        32.6     32.5     32.3     32.2     32.0     31.9     31.9     30.9     30.9     30.8     30.6     30.1     29.9     29.7     29.5     29.4     29.3     29.2     29.1
 160.0        37.0     36.9     36.6     36.5     36.3     36.2     36.2     35.0     35.0     34.7     34.6     34.0     33.7     33.4     33.2     33.1     32.9     32.8     32.6
 165.0        41.9     41.7     41.4     41.2     41.0     40.9     40.3     39.7     39.4     39.1     38.9     38.2     37.8     37.5     37.2     37.1     36.9     36.8     36.5
 170.0        47.1     46.9     46.6     46.4     46.1     46.0     45.3     44.6     44.2     43.8     43.6     42.7     42.2     41.9     41.6     41.4     41.2     41.0     40.7
 175.0        52.9     52.7     52.3     52.0     51.7     51.5     50.8     49.9     49.4     49.0     48.7     47.7     47.1     46.6     46.3     46.0     45.8     45.6     45.2
 180.0        59.2     58.9     58.5     58.1     57.8     57.6     56.7     55.7     55.0     54.6     54.2     53.0     52.3     51.8     51.4     51.0     50.7     50.5     50.1
 185.0        66.1     65.7     65.2     64.8     64.5     64.2     63.1     61.9     61.2     60.6     60.2     58.7     57.9     57.3     56.8     56.4     56.1     55.8     55.3
 190.0        73.5     73.1     72.5     72.0     71.6     71.3     70.1     68.7     67.8     67.1     66.6     64.9     63.9     63.2     62.6     62.1     61.7     61.4     60.8
 195.0        81.5     81.0     80.4     79.8     79.4     79.0     77.6     75.9     74.9     74.1     73.5     71.5     70.3     69.5     68.8     68.2     67.7     67.3     66.6
 200.0        90.2     89.6     88.8     88.2     87.7     87.2     85.6     83.7     82.5     81.6     80.9     78.6     77.2     76.2     75.3     74.7     74.1     73.6     72.8
 205.0        99.6     98.9     98.0     97.3     96.6     96.1     94.2     92.0     90.6     89.6     88.8     86.1     84.4     83.2     82.3     81.5     80.8     80.2     79.2
 210.0       109.6    108.8    107.8    106.9    106.3    105.7    103.5    100.9     99.3     98.1     97.1     94.0     92.1     90.6     89.5     88.6     87.8     87.1     85.9
 215.0       120.5    119.5    118.3    117.3    116.5    115.8    113.4    110.4    108.5    107.1    106.0    102.4    100.1     98.4     97.1     96.0     95.1     94.3     92.9
 220.0       132.1    130.9    129.5    128.4    127.5    126.7    123.8    120.5    118.3    116.7    115.4    111.1    108.5    106.6    105.0    103.8    102.7    101.7    100.1
 225.0       144.5    143.0    141.4    140.2    139.1    138.2    135.0    131.1    128.6    126.7    125.2    120.3    117.2    115.0    113.2    111.7    110.5    109.4    107.5
 230.0       157.7    156.0    154.1    152.7    151.5    150.5    146.7    142.2    139.3    137.2    135.5    129.8    126.3    123.7    121.7    120.0    118.5    117.3    115.1
 235.0       171.8    169.7    167.6    166.0    164.6    163.4    159.1    153.9    150.6    148.1    146.2    139.7    135.7    132.7    130.4    128.5    126.8    125.4    122.9
 240.0       186.6    183.2    181.8    179.9    178.4    177.0    172.0    166.1    162.4    159.5    157.3    149.9    145.3    142.0    139.3    137.1    135.3    133.6    130.8
 245.0       201.9    196.1    196.9    194.7    192.8    191.3    185.6    178.9    174.6    171.4    168.8    160.4    155.2    151.5    148.5    146.0    143.9    142.0    138.9
 250.0       218.0    216.0    212.6    210.1    208.0    206.2    199.8    192.1    187.2    183.6    180.7    171.2    165.4    161.1    157.8    155.0    152.7    150.6    147.1
 255.0       235.1    233.0    229.1    226.3    223.9    221.9    214.5    205.8    200.3    196.2    192.9    182.3    175.7    171.0    167.3    164.2    161.6    159.3    155.5
 260.0       252.8    250.4    243.6    243.1    240.5    238.2    229.8    219.9    213.7    209.1    205.4    193.5    186.3    181.1    177.0    173.6    170.7    168.2    164.1
 265.0       271.0    268.1    264.1    260.5    257.6    255.0    245.6    234.5    227.5    222.3    218.2    205.0    197.1    191.3    186.8    183.1    180.0    177.3    172.8
 270.0       289.2    286.1    282.0    275.0    275.0    272.3    261.8    249.4    241.5    235.8    231.3    216.7    208.0    201.7    196.9    192.9    189.5    186.6    181.8
 275.0       307.1    303.8    299.3    295.8    290.2    289.6    278.4    264.6    255.9    249.5    244.5    228.6    219.1    212.3    207.1    202.8    199.2    196.1    190.9
 280.0       324.0    320.5    315.9    312.7    309.4    303.7    294.8    279.8    270.2    263.4    257.9    240.5    230.3    223.0    217.4    212.8    209.0    205.7    200.2
 285.0       339.3    335.8    331.3    328.0    325.2    322.5    310.8    295.1    284.7    277.3    271.3    252.6    241.6    233.8    227.8    223.0    218.9    215.4    209.6
 290.0       352.8    349.3    344.9    341.7    339.1    336.8    325.8    309.9    299.0    291.1    284.7    264.6    252.8    244.6    238.2    233.1    228.8    225.1    218.9
 295.0       364.0    360.7    356.6    353.6    351.1    349.0    337.7    324.0    312.7    304.5    297.7    276.4    263.9    255.1    248.4    243.0    238.4    234.5    228.0
 300.0       372.9    369.8    365.9    363.3    361.0    359.1    351.0    336.7    325.5    317.2    310.1    287.6    274.5    265.3    258.2    252.4    247.6    243.5    236.6
 305.0       379.4    376.5    373.0    370.6    368.6    366.9    360.1    347.5    336.8    328.6    321.4    298.1    284.4    274.7    267.2    261.1    256.0    251.6    244.3
 310.0       364.8    381.0    377.8    375.7    374.0    372.6    366.7    356.1    346.4    338.5    331.4    307.5    293.2    283.0    275.2    268.8    263.5    258.8    251.1
 315.0       354.6    383.6    380.9    379.1    377.7    376.6    371.6    362.9    354.4    346.6    340.1    315.9    301.0    290.5    282.3    275.6    270.0    265.1    257.0
 320.0       355.1    384.9    383.0    381.7    380.6    379.7    375.7    368.9    361.3    354.3    347.6    323.9    308.4    297.3    288.8    281.8    276.0    270.9    262.5
 325.0       366.8    376.2    384.9    384.0    383.2    382.4    379.3    373.7    367.6    361.4    355.3    331.9    315.9    304.3    295.3    288.0    281.9    276.6    267.8
 330.0       363.6    386.8    387.0    386.4    385.9    385.4    383.0    378.2    373.6    364.3    362.8    339.9    323.9    311.8    302.4    294.7    288.3    282.7    273.6
 335.0       351.0    363.2    389.6    389.2    388.7    388.3    386.5    382.6    378.8    374.6    368.4    347.8    332.4    320.0    310.1    302.1    295.4    289.5    280.0
 340.0       362.5    337.2    392.5    392.1    391.9    391.6    390.1    386.8    383.6    380.4    376.7    356.9    340.6    328.9    318.8    310.4    303.3    297.2    287.1
 345.0       396.9    384.3    391.9    395.2    395.1    394.8    393.6    391.0    388.3    385.6    383.0    365.9    349.7    337.7    328.1    319.6    312.2    305.8    295.2
 350.0       408.6    378.5    387.8    394.4    398.4    398.3    397.4    395.3    393.1    390.8    388.8    374.7    359.9    346.9    337.5    329.4    322.0    315.5    304.4
 355.0       413.3    378.7    387.7    394.4    402.0    401.9    401.2    399.6    397.9    396.1    394.2    381.2    370.4    357.9    347.1    339.2    332.2    325.9    314.6
 360.0       414.8    410.8    393.6    399.1    403.4    405.9    405.4    404.3    403.0    401.6    400.1    392.0    380.9    369.5    358.9    349.7    342.5    336.7    325.7
 365.0       406.7    401.2    386.6    407.9    410.5    410.5    410.2    409.4    408.5    407.5    406.3    400.4    391.2    381.4    371.5    362.4    354.2    347.5    337.3
 370.0       372.1    361.2    355.3    366.3    376.9    415.6    415.5    415.2    414.6    413.8    413.0    408.5    400.3    393.3    384.5    375.9    367.9    360.7    349.1
 375.0       434.4    433.5    396.5    402.1    406.9    411.0    421.6    421.6    421.3    420.9    420.3    416.7    412.4    405.4    397.9    390.1    382.6    375.4    362.8
 380.0       407.0    401.5    388.2    372.0    366.8    374.1    428.8    429.0    428.9    428.7    428.4    425.8    423.1    417.5    411.5    404.8    398.0    391.2    378.9
 385.0       448.7    447.8    445.6    440.6    420.8    424.1    436.1    437.4    437.6    437.6    437.4    435.7    433.4    430.6    422.0    419.9    414.0    407.9    396.2
 390.0       463.4    463.2    388.5    395.7    402.1    407.9    429.2    447.1    447.4    447.6    447.6    446.7    445.0    443.8    440.3    434.5    430.6    425.4    414.7
 395.0       438.3    435.0    427.5    418.8    408.7    397.4    415.4    458.2    458.6    458.9    459.1    459.0    457.9    456.6    455.4    452.1    447.7    443.7    434.3
 400.0       468.4    466.7    462.9    458.6    453.7    448.0    413.0    470.8    471.4    471.8    472.2    472.8    472.2    471.3    470.5    469.4    466.3    462.4    455.1
 405.0       490.3    488.8    486.0    483.1    480.0    476.5    451.4    485.2    485.9    486.5    487.0    488.2    488.3    487.9    487.3    487.1    486.0    483.4    477.1
 410.0       509.2    507.5    504.9    502.4    499.8    497.0    478.5    501.7    502.6    503.3    503.9    505.7    506.4    506.4    506.2    505.9    506.2    505.4    497.8
 415.0       523.8    522.6    520.4    518.1    515.7    513.1    495.9    520.6    521.5    522.4    523.1    525.5    526.7    527.3    527.5    527.5    527.4    527.8    526.0
 420.0       535.7    534.5    532.1    529.5    526.7    523.6    503.8    489.9    543.2    544.1    545.0    548.0    549.8    550.9    551.5    551.8    552.0    552.2    554.0
 425.0       584.8    585.0    585.3    585.5    585.8    586.1    499.0    527.4    546.6    568.9    569.8    573.5    575.8    577.4    578.5    579.3    579.8    580.1    581.0
 430.0       613.9    613.9    613.8    613.9    613.9    613.9    613.0    570.8    583.6    593.1    598.2    602.4    605.4    607.5    609.1    610.3    611.1    611.8    612.9
 435.0       642.1    642.0    641.6    641.2    640.7    637.2    628.3    611.0    581.7    629.3    630.0    635.3    638.9    641.6    643.6    645.3    646.6    647.6    649.2
 440.0       682.8    682.9    683.2    683.5    683.8    684.1    685.4    601.0    620.9    636.6    648.7    672.6    676.8    680.1    682.7    684.8    686.6    688.0    689.0
 445.0       725.4    725.4    725.4    725.3    725.3    725.2    724.7    717.2    703.5    687.8    705.3    715.0    719.8    723.7    726.9    727.0    727.0    727.0    727.0
 450.0       772.9    773.0    773.3    773.7    774.0    774.3    775.7    709.3    689.5    705.9    719.8    763.1    768.5    773.0    773.0    773.0    773.0    773.0    773.0
