#pT_OLR    0.01000   0.02000   0.04000   0.06000   0.08000   0.10000   0.20000   0.40000   0.60000   0.80000   1.00000   2.00000   3.00000   4.00000   5.00000   6.00000   7.00000   8.00000  10.00000  
 100.0         5.7      5.7      5.7      5.6      5.6      5.6      5.6      5.6      5.6      5.6      5.6      5.6      5.6      5.6      5.6      5.6      5.6      5.6      5.6  
 105.0         6.9      6.9      6.9      6.9      6.8      6.8      6.8      6.8      6.8      6.8      6.8      6.8      6.7      6.7      6.7      6.7      6.7      6.7      6.7  
 110.0         8.3      8.3      8.3      8.2      8.2      8.2      8.2      8.1      8.1      8.1      8.1      8.1      8.1      8.1      8.1      8.0      8.0      8.0      8.0  
 115.0         9.9      9.9      9.8      9.8      9.8      9.8      9.8      9.7      9.7      9.7      9.7      9.6      9.6      9.6      9.5      9.5      9.5      9.5      9.5  
 120.0        11.7     11.7     11.7     11.6     11.6     11.6     11.6     11.5     11.4     11.4     11.4     11.3     11.3     11.3     11.2     11.2     11.2     11.2     11.2  
 125.0        13.8     13.8     13.7     13.7     13.6     13.6     13.6     13.5     13.4     13.4     13.3     13.2     13.2     13.1     13.1     13.1     13.1     13.0     13.0  
 130.0        16.1     16.1     16.0     16.0     15.9     15.9     15.8     15.7     15.6     15.5     15.5     15.4     15.3     15.2     15.2     15.2     15.1     15.1     15.1  
 135.0        18.8     18.7     18.6     18.5     18.5     18.4     18.3     18.2     18.0     18.0     17.9     17.7     17.6     17.6     17.5     17.4     17.4     17.4     17.3  
 140.0        21.7     21.6     21.5     21.4     21.3     21.3     21.1     20.9     20.7     20.6     20.6     20.3     20.2     20.1     20.0     20.0     19.9     19.9     19.8  
 145.0        24.9     24.8     24.7     24.6     24.5     24.4     24.2     24.0     23.7     23.6     23.5     23.2     23.0     22.9     22.8     22.7     22.7     22.6     22.5  
 150.0        28.6     28.4     28.2     28.1     28.0     27.9     27.6     27.3     27.0     26.9     26.7     26.4     26.1     26.0     25.9     25.8     25.7     25.6     25.5  
 155.0        32.5     32.4     32.1     31.9     31.8     31.7     31.4     31.0     30.6     30.4     30.3     29.8     29.5     29.3     29.2     29.1     29.0     28.9     28.7  
 160.0        36.9     36.7     36.4     36.2     36.0     35.9     35.6     35.1     34.6     34.3     34.1     33.6     33.2     33.0     32.8     32.6     32.5     32.4     32.2  
 165.0        41.8     41.5     41.1     40.9     40.7     40.5     39.9     39.3     38.9     38.6     38.4     37.7     37.2     36.9     36.7     36.5     36.4     36.2     36.0  
 170.0        47.0     46.7     46.3     46.0     45.7     45.5     44.8     44.0     43.6     43.2     43.0     42.1     41.6     41.2     40.9     40.7     40.5     40.3     40.1  
 175.0        52.8     52.4     51.9     51.5     51.3     51.0     50.2     49.2     48.7     48.3     47.9     46.9     46.3     45.8     45.5     45.2     45.0     44.8     44.4  
 180.0        59.1     58.6     58.0     57.6     57.3     57.0     56.0     54.9     54.2     53.7     53.3     52.1     51.3     50.8     50.4     50.0     49.8     49.5     49.1  
 185.0        65.9     65.4     64.7     64.2     63.8     63.4     62.2     60.9     60.1     59.6     59.1     57.6     56.7     56.1     55.6     55.2     54.8     54.5     54.0  
 190.0        73.3     72.7     71.9     71.3     70.8     70.4     69.0     67.5     66.6     65.9     65.3     63.6     62.5     61.8     61.2     60.7     60.2     59.9     59.2  
 195.0        81.3     80.6     79.6     79.0     78.4     77.9     76.3     74.5     73.4     72.6     72.0     69.9     68.7     67.7     67.0     66.4     65.9     65.5     64.7  
 200.0        89.9     89.1     88.0     87.2     86.6     86.0     84.2     82.1     80.8     79.8     79.1     76.6     75.1     74.1     73.2     72.5     71.9     71.3     70.4  
 205.0        99.3     98.2     97.0     96.1     95.4     94.7     92.6     90.1     88.6     87.5     86.6     83.7     82.0     80.7     79.7     78.8     78.1     77.5     76.4  
 210.0       109.3    108.1    106.7    105.6    104.7    104.0    101.5     98.7     96.9     95.6     94.6     91.2     89.1     87.6     86.4     85.4     84.5     83.8     82.5  
 215.0       120.1    118.6    117.0    115.7    114.8    113.9    111.0    107.8    105.7    104.2    103.0     99.0     96.5     94.8     93.3     92.2     91.2     90.3     88.8  
 220.0       131.6    129.8    128.0    126.5    125.4    124.5    121.1    117.3    114.9    113.1    111.7    107.1    104.3    102.2    100.5     99.2     98.0     97.0     95.2  
 225.0       144.0    141.8    139.6    138.0    136.7    135.6    131.7    127.4    124.6    122.5    120.9    115.5    112.2    109.8    107.9    106.3    105.0    103.8    101.8  
 230.0       157.2    154.5    152.0    150.1    148.6    147.4    142.9    137.9    134.7    132.3    130.4    124.2    120.5    117.7    115.5    113.7    112.1    110.8    108.5  
 235.0       171.1    168.0    165.1    162.9    161.2    159.7    154.6    148.8    145.1    142.4    140.3    133.2    128.9    125.7    123.2    121.1    119.4    117.8    115.2  
 240.0       185.7    180.6    178.9    176.4    174.4    172.7    166.8    160.2    156.0    152.9    150.4    142.4    137.5    133.9    131.1    128.8    126.8    125.0    122.1  
 245.0       200.6    190.4    193.4    190.5    188.2    186.3    179.5    172.0    167.2    163.7    160.9    151.8    146.3    142.3    139.1    136.5    134.3    132.3    129.1  
 250.0       216.2    213.2    208.5    205.2    202.6    200.4    192.7    184.1    178.7    174.8    171.6    161.4    155.2    150.7    147.2    144.3    141.9    139.7    136.2  
 255.0       232.1    229.7    224.3    220.6    217.6    215.1    206.4    196.6    190.5    186.1    182.6    171.2    164.3    159.4    155.5    152.3    149.6    147.3    143.4  
 260.0       248.5    246.3    235.8    236.5    233.2    230.3    220.4    209.4    202.6    197.6    193.7    181.1    173.6    168.1    163.9    160.5    157.6    155.1    150.9  
 265.0       264.9    262.2    257.5    252.8    249.1    245.9    234.9    222.5    214.9    209.4    205.0    191.2    182.9    177.1    172.5    168.8    165.7    163.0    158.5  
 270.0       280.7    277.1    273.9    263.2    265.1    261.7    249.6    235.8    227.4    221.3    216.5    201.4    192.5    186.1    181.2    177.3    173.9    171.1    166.3  
 275.0       295.2    291.1    288.9    284.7    276.7    277.1    264.2    249.2    239.9    233.2    228.0    211.6    202.0    195.3    190.1    185.8    182.3    179.3    174.2  
 280.0       307.6    303.3    299.3    298.5    295.1    288.0    278.4    262.4    252.3    245.1    239.5    221.8    211.6    204.4    198.8    194.4    190.6    187.4    182.1  
 285.0       317.5    313.1    308.8    307.2    307.3    304.3    291.7    275.1    264.5    256.7    250.7    231.9    221.0    213.3    207.5    202.7    198.8    195.4    189.7  
 290.0       331.4    327.7    323.4    320.2    317.5    315.2    303.4    286.8    275.6    267.5    261.1    241.9    231.1    223.4    217.0    208.5    206.5    202.8    196.8  
 295.0       337.6    334.4    330.4    327.5    325.2    323.2    310.4    297.3    286.0    277.6    270.9    250.5    239.6    231.5    225.1    219.0    213.4    209.5    203.1  
 300.0       341.5    338.7    335.2    332.8    330.8    328.9    321.0    306.3    295.1    286.5    279.7    258.1    247.0    238.5    232.0    226.2    218.1    215.3    208.4  
 305.0       343.5    341.2    338.4    336.4    334.7    333.2    326.9    313.8    303.0    294.4    287.4    264.9    253.0    244.5    237.7    232.0    226.4    220.3    213.1  
 310.0       315.4    342.9    340.7    339.2    337.9    336.7    331.3    320.3    310.3    301.7    294.6    271.2    258.3    249.8    242.6    236.8    231.7    226.6    217.2  
 315.0       298.3    344.5    342.8    341.7    340.6    339.7    335.2    326.3    317.3    309.1    301.9    277.6    263.3    254.4    247.4    241.3    236.2    231.6    221.3  
 320.0       298.9    346.2    345.1    344.3    343.4    342.7    339.0    332.2    324.0    316.4    309.4    284.4    269.2    259.4    252.1    246.1    240.8    236.2    227.6  
 325.0       317.3    332.8    347.8    347.2    346.6    345.8    342.8    336.9    330.2    323.5    317.1    291.9    275.9    265.3    257.9    251.3    245.7    240.9    233.0  
 330.0       312.6    349.3    350.3    349.8    349.3    348.8    346.3    341.2    336.4    322.5    324.5    299.9    283.3    271.5    264.0    257.2    251.3    246.4    236.4  
 335.0       293.8    311.5    353.0    352.5    352.1    351.6    349.6    345.4    341.3    336.9    329.2    308.6    291.5    279.1    269.9    263.8    257.7    252.5    243.7  
 340.0       309.1    275.4    355.7    355.3    355.1    354.7    353.0    349.5    346.0    342.7    338.7    317.6    300.5    287.6    277.6    270.5    264.8    259.3    250.3  
 345.0       360.4    340.6    352.9    358.2    358.0    357.6    356.4    353.5    350.6    347.8    345.0    326.8    310.2    297.1    286.7    278.3    272.3    267.1    257.6  
 350.0       375.7    329.5    344.2    354.9    361.2    361.0    360.0    357.7    355.4    353.0    350.8    335.9    320.5    307.4    296.7    287.8    280.5    275.2    265.9  
 355.0       380.6    327.8    341.9    352.7    364.6    364.5    363.7    362.1    360.3    358.4    356.5    341.0    331.1    318.4    307.6    298.5    290.7    284.2    275.0  
 360.0       380.8    375.4    348.9    357.7    364.6    368.5    368.0    366.9    365.6    364.1    362.6    353.8    341.9    330.1    319.4    310.2    302.2    295.3    284.6  
 365.0       367.0    358.4    335.8    369.1    373.2    373.2    373.0    372.2    371.3    370.3    369.0    362.5    352.6    342.1    332.0    322.9    314.8    307.7    295.8  
 370.0       313.1    299.4    291.8    305.9    320.2    378.5    378.5    378.3    377.7    376.8    376.0    370.8    361.1    354.4    345.2    336.4    328.4    321.2    308.9  
 375.0       402.8    401.4    345.9    354.5    362.0    368.4    385.0    385.1    384.6    384.2    383.5    379.4    374.4    366.7    358.8    350.8    343.1    335.9    323.5  
 380.0       358.7    350.3    331.4    311.0    304.3    313.0    392.5    392.7    392.5    392.3    391.9    388.8    385.2    379.1    372.7    365.7    358.6    351.7    339.4  
 385.0       416.9    415.7    412.3    406.4    376.0    381.1    399.8    401.5    401.6    401.3    401.1    399.0    396.1    392.7    378.4    381.1    374.8    368.6    356.6  
 390.0       434.3    434.0    328.1    336.1    344.7    352.7    384.2    411.4    411.6    411.7    411.7    410.4    408.2    406.0    402.1    395.5    391.7    386.3    375.2  
 395.0       392.8    387.6    376.3    363.8    350.2    337.3    359.3    422.7    423.1    423.3    423.4    423.0    421.5    419.7    417.6    413.9    408.9    404.8    395.0  
 400.0       433.0    430.4    424.5    417.8    410.0    401.2    347.8    435.6    436.1    436.4    436.9    437.1    436.3    435.0    433.7    431.6    428.1    423.6    416.0  
 405.0       457.8    456.0    452.3    448.1    443.4    438.0    399.4    450.4    450.9    451.6    451.9    453.0    452.8    452.0    451.0    450.3    448.2    445.2    438.3  
 410.0       477.3    475.4    472.2    468.8    465.1    461.0    432.0    467.2    468.1    468.6    469.3    470.8    471.3    471.1    470.5    469.8    469.4    467.7    454.2  
 415.0       491.5    490.0    486.9    483.6    480.0    476.0    449.1    486.3    487.3    488.2    488.8    491.1    492.1    492.5    492.4    492.1    491.6    491.6    488.1  
 420.0       499.8    498.0    494.3    490.1    485.7    480.8    450.8    431.6    509.3    510.3    511.1    514.0    515.6    516.6    517.0    517.1    517.0    516.8    516.1  
 425.0       555.6    555.8    556.1    556.3    556.6    556.9    442.0    474.2    502.4    535.4    536.4    540.0    542.2    543.7    544.6    545.2    545.5    545.6    546.1  
 430.0       585.2    585.1    584.9    584.6    584.5    584.2    582.7    525.4    544.7    558.6    565.3    569.4    572.3    574.4    575.9    576.8    577.6    578.0    578.7  
 435.0       610.8    610.5    609.9    609.2    608.3    607.4    596.8    570.6    526.7    596.8    598.0    602.8    606.4    609.0    611.0    612.6    613.7    614.6    615.9  
 440.0       653.7    653.8    654.1    654.4    654.7    655.0    656.4    549.1    567.1    590.0    608.1    640.8    644.9    648.2    650.8    652.8    654.5    654.5    654.5  
 445.0       695.7    695.6    695.5    695.4    695.2    695.1    694.1    689.5    671.0    646.9    672.5    683.6    688.6    692.5    695.7    695.7    695.7    695.7    695.7  
 450.0       743.2    743.4    743.7    744.1    744.4    744.7    746.1    656.4    641.0    650.2    670.8    732.4    737.9    737.9    737.9    737.9    737.9    737.9    737.9
