#pT_OLR    0.01000   0.02000   0.04000   0.06000   0.08000   0.10000   0.20000   0.40000   0.60000   0.80000   1.00000   2.00000   3.00000   4.00000   5.00000   6.00000   7.00000   8.00000  10.00000  
 100.0         5.6      5.6      5.6      5.6      5.6      5.6      5.6      5.6      5.6      5.6      5.6      5.5      5.5      5.5      5.5      5.5      5.5      5.5      5.5  
 105.0         6.8      6.8      6.8      6.8      6.8      6.8      6.8      6.7      6.7      6.7      6.7      6.7      6.7      6.7      6.7      6.7      6.7      6.7      6.6  
 110.0         8.2      8.2      8.2      8.2      8.1      8.1      8.1      8.1      8.1      8.0      8.0      8.0      8.0      8.0      8.0      7.9      7.9      7.9      7.9  
 115.0         9.8      9.8      9.7      9.7      9.7      9.7      9.7      9.6      9.5      9.5      9.5      9.5      9.4      9.4      9.4      9.4      9.4      9.4      9.4  
 120.0        11.6     11.5     11.5     11.4     11.4     11.4     11.4     11.3     11.2     11.2     11.2     11.1     11.1     11.0     11.0     11.0     11.0     11.0     10.9  
 125.0        13.6     13.5     13.5     13.4     13.4     13.3     13.3     13.2     13.1     13.1     13.0     12.9     12.9     12.8     12.8     12.8     12.8     12.7     12.7  
 130.0        15.9     15.8     15.7     15.6     15.6     15.5     15.4     15.3     15.2     15.1     15.1     15.0     14.9     14.8     14.8     14.7     14.7     14.7     14.6  
 135.0        18.5     18.3     18.1     18.0     18.0     17.9     17.8     17.6     17.5     17.4     17.4     17.2     17.1     17.0     16.9     16.9     16.9     16.8     16.8  
 140.0        21.3     21.1     20.9     20.8     20.7     20.6     20.4     20.2     20.0     19.9     19.8     19.6     19.5     19.4     19.3     19.3     19.2     19.2     19.1  
 145.0        24.5     24.2     23.9     23.8     23.6     23.5     23.3     23.0     22.8     22.7     22.6     22.3     22.1     22.0     21.9     21.8     21.7     21.7     21.6  
 150.0        28.0     27.6     27.3     27.1     26.9     26.8     26.5     26.2     25.8     25.7     25.6     25.2     25.0     24.8     24.7     24.6     24.5     24.4     24.3  
 155.0        31.8     31.4     30.9     30.7     30.5     30.4     30.0     29.6     29.2     29.0     28.8     28.4     28.1     27.9     27.7     27.6     27.5     27.4     27.2  
 160.0        36.1     35.5     35.0     34.7     34.4     34.3     33.8     33.3     32.8     32.6     32.4     31.8     31.4     31.2     31.0     30.8     30.7     30.6     30.4  
 165.0        40.7     40.0     39.4     39.0     38.7     38.5     37.8     37.1     36.7     36.4     36.2     35.5     35.1     34.7     34.5     34.3     34.1     34.0     33.7  
 170.0        45.8     44.9     44.2     43.7     43.4     43.1     42.3     41.5     41.0     40.6     40.4     39.5     39.0     38.6     38.3     38.0     37.8     37.6     37.3  
 175.0        51.3     50.3     49.4     48.9     48.5     48.2     47.2     46.2     45.6     45.2     44.8     43.8     43.1     42.7     42.3     42.0     41.7     41.5     41.1  
 180.0        57.4     56.2     55.1     54.5     54.0     53.6     52.5     51.3     50.6     50.1     49.7     48.4     47.6     47.0     46.6     46.2     45.9     45.6     45.1  
 185.0        63.9     62.5     61.2     60.5     59.9     59.5     58.2     56.8     55.9     55.3     54.8     53.3     52.3     51.6     51.1     50.6     50.2     49.8     49.2  
 190.0        71.0     69.3     67.9     67.0     66.4     65.9     64.3     62.6     61.7     60.9     60.4     58.5     57.3     56.5     55.8     55.2     54.7     54.3     53.5  
 195.0        78.7     76.7     75.1     74.1     73.3     72.7     70.9     69.0     67.8     66.9     66.3     64.0     62.6     61.6     60.7     60.0     59.4     58.8     57.9  
 200.0        87.0     84.7     82.8     81.6     80.8     80.1     78.0     75.7     74.3     73.3     72.5     69.8     68.1     66.8     65.8     64.9     64.2     63.5     62.3  
 205.0        95.9     93.3     91.1     89.7     88.8     88.0     85.5     82.9     81.3     80.1     79.1     75.9     73.8     72.3     71.0     70.0     69.0     68.2     66.8  
 210.0       105.6    102.5    100.0     98.4     97.3     96.4     93.6     90.5     88.6     87.2     86.1     82.2     79.7     77.9     76.3     75.0     73.9     72.9     71.2  
 215.0       116.1    112.3    109.5    107.7    106.4    105.4    102.1     98.6     96.3     94.7     93.3     88.7     85.8     83.5     81.7     80.1     78.8     77.5     75.5  
 220.0       127.4    122.9    119.6    117.6    116.1    114.9    111.1    107.0    104.4    102.5    100.9     95.4     91.9     89.2     87.0     85.2     83.6     82.1     79.7  
 225.0       139.7    134.1    130.4    128.1    126.4    125.0    120.7    115.9    112.9    110.6    108.7    102.3     98.1     94.9     92.4     90.2     88.3     86.6     83.7  
 230.0       151.1    146.1    141.8    139.2    137.2    135.7    130.7    125.1    121.6    118.9    116.8    109.3    104.4    100.7     97.6     95.1     92.9     90.9     87.6  
 235.0       165.3    158.9    153.9    150.9    148.7    146.9    141.1    134.8    130.7    127.6    125.0    116.4    110.7    106.3    102.8     99.9     97.3     95.1     91.2  
 240.0       180.3    171.2    166.7    163.2    160.7    158.7    152.0    144.7    140.0    136.5    133.5    123.5    116.9    111.9    107.9    104.6    101.7     99.1     94.8  
 245.0       195.1    181.8    180.3    176.3    173.3    171.0    163.4    155.0    149.6    145.5    142.2    130.7    123.2    117.5    113.0    109.2    105.9    103.0     98.2  
 250.0       211.0    202.9    194.7    190.0    186.6    183.9    175.2    165.6    159.5    154.8    151.0    137.9    129.4    123.0    117.9    113.7    110.1    106.9    101.5  
 255.0       227.0    220.4    209.9    204.4    200.5    197.4    187.4    176.5    169.5    164.2    159.9    145.1    135.6    128.5    122.9    118.2    114.2    110.8    105.0  
 260.0       243.3    237.5    223.8    219.6    215.1    211.5    200.1    187.7    179.8    173.8    169.0    152.4    141.9    134.1    127.9    122.8    118.5    114.7    108.5  
 265.0       259.4    253.8    243.3    235.6    230.4    226.3    213.2    199.2    190.3    183.6    178.2    159.8    148.2    139.7    133.0    127.5    122.9    118.9    112.4  
 270.0       275.3    269.0    261.0    248.3    246.3    241.6    226.7    211.0    201.0    193.6    187.5    167.4    154.7    145.5    138.4    132.5    127.6    123.4    116.6  
 275.0       289.9    283.5    277.0    269.3    260.8    257.3    240.7    223.0    212.0    203.8    197.1    175.1    161.4    151.6    144.0    137.8    132.7    128.3    121.2  
 280.0       302.9    296.5    289.2    284.9    278.8    270.7    254.8    235.4    223.2    214.2    206.9    183.0    168.4    158.0    149.9    143.5    138.1    133.6    126.3  
 285.0       313.9    307.7    300.1    296.0    293.1    287.9    268.9    247.8    234.6    224.8    216.9    191.2    175.6    164.6    156.2    149.4    143.9    139.2    131.7  
 290.0       330.9    326.0    319.1    313.7    308.7    303.8    282.0    259.6    245.6    235.2    226.8    210.0    202.6    194.2    187.4    179.7    149.8    144.9    137.1  
 295.0       338.7    334.4    328.2    323.5    319.4    315.3    294.2    271.4    256.7    245.7    236.8    213.4    211.7    202.9    196.1    190.0    180.5    150.5    142.4  
 300.0       344.2    340.4    335.0    331.1    327.3    324.0    306.3    282.3    267.1    255.7    246.5    217.6    219.6    210.9    203.8    198.0    191.8    180.0    147.3  
 305.0       347.4    344.1    339.8    336.4    333.3    330.5    317.3    292.4    276.9    265.2    255.7    224.5    223.0    217.9    210.5    204.6    199.2    192.4    151.8  
 310.0       349.0    346.6    343.0    340.1    337.7    335.4    324.9    301.9    286.4    274.5    264.8    232.1    224.7    223.6    216.3    210.1    204.8    199.7    181.9  
 315.0       309.5    348.2    345.6    343.4    341.4    339.6    331.0    309.6    295.9    283.9    274.1    240.5    224.2    223.3    221.6    215.1    209.7    204.9    194.1  
 320.0       309.8    350.1    348.1    346.3    344.9    343.3    336.3    321.9    305.5    293.7    283.8    249.5    228.2    225.0    223.8    220.2    214.5    209.7    201.0  
 325.0       325.7    339.2    351.1    349.9    348.6    347.4    341.8    330.1    312.0    303.6    293.8    259.1    236.6    230.7    232.9    225.7    219.8    214.6    206.3  
 330.0       320.0    354.0    353.9    352.9    352.0    351.0    346.2    336.8    326.0    311.3    304.0    269.5    246.3    231.1    238.6    231.9    225.6    220.3    209.8  
 335.0       305.9    321.7    356.8    355.9    355.1    354.3    350.6    342.8    334.6    324.1    314.2    280.4    256.9    239.4    233.9    238.8    232.2    226.6    217.3  
 340.0       317.9    286.4    359.7    359.0    358.2    357.8    354.6    348.1    341.5    334.4    324.9    291.7    268.4    250.4    236.6    240.4    239.7    233.7    224.1  
 345.0       364.3    347.2    358.1    362.1    361.7    361.1    358.6    353.3    347.9    342.3    335.9    303.4    280.5    262.4    247.6    237.7    243.0    241.8    231.7  
 350.0       380.4    338.2    351.1    365.3    365.0    364.7    362.4    358.4    353.9    349.4    344.7    315.3    293.2    275.2    260.3    247.7    240.7    245.6    240.2  
 355.0       385.9    337.2    349.5    359.0    368.6    368.4    366.7    363.4    359.9    356.3    352.4    327.3    306.3    288.8    273.9    261.1    250.1    245.1    249.1  
 360.0       385.2    379.2    356.0    363.8    369.9    372.4    371.3    368.7    366.0    363.1    359.9    340.0    319.8    303.0    288.4    275.6    264.3    254.5    251.0  
 365.0       371.7    363.6    342.8    374.2    377.4    377.3    376.5    374.4    372.3    370.0    367.5    353.2    333.5    317.6    303.6    291.0    279.8    269.6    254.2  
 370.0       324.9    311.9    307.1    320.3    333.3    382.6    382.0    380.6    379.2    377.4    375.4    364.5    339.9    332.6    319.3    307.2    296.2    286.2    268.6  
 375.0       408.7    406.5    355.4    363.0    369.5    375.1    388.6    387.6    386.6    385.1    383.7    374.9    362.9    348.1    335.6    324.1    313.5    303.7    286.2  
 380.0       366.5    358.9    341.5    322.8    319.0    328.5    396.2    395.5    394.8    393.8    392.7    385.8    377.3    359.2    352.5    341.7    331.7    322.3    305.2  
 385.0       421.7    420.0    415.7    409.4    383.5    388.0    404.5    404.6    403.9    403.2    402.4    397.2    390.6    381.6    368.7    360.0    350.6    341.7    325.3  
 390.0       445.6    444.7    342.4    349.9    357.8    365.1    392.7    414.7    414.4    414.0    413.4    409.4    404.2    398.2    388.6    379.1    370.4    362.1    346.6  
 395.0       400.0    395.3    385.1    373.6    360.8    349.8    373.3    426.1    426.0    425.8    425.4    422.7    418.8    414.1    408.2    398.6    391.2    383.5    369.0  
 400.0       436.9    434.4    428.9    422.7    415.6    407.5    357.1    439.1    439.2    439.1    439.2    437.5    434.5    430.9    427.1    421.2    411.4    406.2    392.8  
 405.0       461.3    459.4    455.6    451.5    447.0    441.9    406.2    453.8    454.1    454.4    454.4    453.7    451.8    449.1    446.0    442.7    437.4    428.5    418.1  
 410.0       480.6    478.7    475.4    472.0    468.3    464.4    437.5    470.7    471.3    471.6    472.0    472.0    470.9    469.1    466.8    464.3    461.5    456.8    443.8  
 415.0       494.8    493.3    490.3    487.1    483.6    479.9    455.1    489.8    490.6    491.0    491.6    492.6    492.3    491.3    489.8    487.9    485.8    483.6    474.6  
 420.0       504.1    502.5    499.0    495.3    491.2    486.8    459.4    447.8    512.6    513.4    514.1    515.8    516.3    516.0    515.2    514.0    512.5    510.9    506.2  
 425.0       562.4    562.7    563.2    563.6    564.1    564.6    457.7    487.8    512.3    538.6    539.4    541.9    543.3    543.8    543.5    543.0    542.1    541.0    538.9  
 430.0       592.8    592.5    591.8    591.1    590.6    589.9    586.6    535.2    551.8    563.8    568.4    571.6    573.7    574.9    575.3    575.4    575.1    574.6    573.0  
 435.0       613.8    613.4    612.6    611.7    610.7    609.7    599.1    574.7    533.7    600.0    601.1    605.3    608.1    609.9    611.1    611.7    612.0    612.1    611.4  
 440.0       658.7    658.9    659.2    659.7    660.1    660.5    662.5    564.6    582.0    602.0    617.4    643.3    646.9    649.4    651.3    652.6    653.5    653.5    653.5  
 445.0       700.3    700.1    699.7    699.4    699.0    698.7    696.7    689.1    672.6    668.8    677.5    686.3    690.6    694.0    696.5    696.5    696.5    696.5    696.5  
 450.0       746.8    747.0    747.5    747.9    748.3    748.6    750.4    666.3    656.8    666.7    684.9    735.1    740.2    740.2    740.2    740.2    740.2    740.2    740.2  
