#pT_OLR    0.01000   0.02000   0.04000   0.06000   0.08000   0.10000   0.20000   0.40000   0.60000   0.80000   1.00000   2.00000   3.00000   4.00000   5.00000   6.00000   7.00000   8.00000  10.00000
 100.0         5.7      5.6      5.6      5.6      5.6      5.6      5.6      5.6      5.6      5.6      5.6      5.6      5.6      5.6      5.6      5.5      5.5      5.5      5.5
 105.0         6.9      6.9      6.8      6.8      6.8      6.8      6.8      6.8      6.8      6.8      6.7      6.7      6.7      6.7      6.7      6.7      6.7      6.7      6.7
 110.0         8.3      8.2      8.2      8.2      8.2      8.2      8.2      8.1      8.1      8.1      8.1      8.0      8.0      8.0      8.0      8.0      8.0      8.0      8.0
 115.0         9.9      9.8      9.8      9.8      9.8      9.7      9.7      9.6      9.6      9.6      9.6      9.5      9.5      9.5      9.5      9.5      9.5      9.4      9.4
 120.0        11.7     11.6     11.6     11.6     11.5     11.5     11.5     11.3     11.3     11.3     11.3     11.2     11.2     11.2     11.1     11.1     11.1     11.1     11.1
 125.0        13.7     13.7     13.6     13.6     13.5     13.5     13.5     13.3     13.3     13.2     13.2     13.1     13.0     13.0     13.0     12.9     12.9     12.9     12.9
 130.0        16.1     16.0     15.9     15.8     15.8     15.7     15.7     15.4     15.4     15.3     15.3     15.2     15.1     15.0     15.0     15.0     14.9     14.9     14.9
 135.0        18.7     18.5     18.4     18.3     18.3     18.2     18.2     17.8     17.8     17.7     17.6     17.5     17.4     17.3     17.2     17.2     17.2     17.1     17.1
 140.0        21.6     21.4     21.2     21.1     21.0     21.0     21.0     20.4     20.4     20.3     20.2     20.0     19.9     19.8     19.7     19.6     19.6     19.5     19.5
 145.0        24.8     24.6     24.4     24.2     24.1     24.0     24.0     23.3     23.3     23.2     23.1     22.8     22.6     22.5     22.4     22.3     22.2     22.2     22.1
 150.0        28.4     28.1     27.8     27.6     27.5     27.4     27.4     26.5     26.5     26.3     26.2     25.8     25.6     25.5     25.3     25.2     25.1     25.1     24.9
 155.0        32.3     32.0     31.6     31.4     31.2     31.1     31.1     30.0     30.0     29.8     29.6     29.1     28.9     28.7     28.5     28.4     28.3     28.2     28.0
 160.0        36.7     36.3     35.8     35.6     35.3     35.2     35.2     33.8     33.8     33.5     33.3     32.8     32.4     32.2     32.0     31.8     31.7     31.6     31.4
 165.0        41.4     40.9     40.4     40.1     39.8     39.6     39.0     38.3     37.9     37.6     37.4     36.7     36.3     36.0     35.7     35.5     35.4     35.2     35.0
 170.0        46.6     46.1     45.4     45.0     44.7     44.5     43.7     42.9     42.4     42.0     41.8     40.9     40.4     40.0     39.8     39.5     39.3     39.1     38.9
 175.0        52.3     51.6     50.9     50.4     50.1     49.8     48.8     47.9     47.3     46.9     46.5     45.5     44.9     44.4     44.1     43.8     43.6     43.4     43.0
 180.0        58.5     57.7     56.8     56.3     55.8     55.5     54.4     53.2     52.5     52.0     51.7     50.4     49.7     49.1     48.7     48.4     48.1     47.8     47.4
 185.0        65.3     64.3     63.3     62.6     62.1     61.7     60.4     59.1     58.2     57.6     57.2     55.7     54.8     54.2     53.7     53.3     52.9     52.6     52.1
 190.0        72.6     71.5     70.3     69.5     68.9     68.4     66.9     65.3     64.4     63.7     63.1     61.4     60.3     59.5     58.9     58.4     58.0     57.6     57.0
 195.0        80.5     79.2     77.8     76.9     76.2     75.7     73.9     72.1     70.9     70.1     69.5     67.4     66.1     65.2     64.5     63.9     63.4     62.9     62.1
 200.0        89.0     87.5     85.9     84.9     84.1     83.5     81.4     79.3     77.9     77.0     76.2     73.8     72.3     71.2     70.3     69.6     68.9     68.4     67.5
 205.0        98.2     96.4     94.6     93.5     92.6     91.8     89.5     86.9     85.4     84.3     83.4     80.5     78.7     77.4     76.4     75.5     74.7     74.1     73.0
 210.0       108.1    106.1    104.0    102.6    101.6    100.8     98.0     95.1     93.3     92.0     91.0     87.6     85.5     83.9     82.7     81.6     80.7     79.9     78.6
 215.0       118.8    116.3    114.0    112.4    111.2    110.3    107.1    103.8    101.7    100.2     99.0     95.0     92.5     90.6     89.2     87.9     86.9     85.9     84.3
 220.0       130.3    127.4    124.7    122.9    121.5    120.4    116.8    112.9    110.5    108.7    107.3    102.7     99.7     97.6     95.9     94.4     93.1     92.0     90.1
 225.0       142.7    139.1    136.0    134.0    132.4    131.2    127.0    122.5    119.8    117.7    116.1    110.6    107.2    104.7    102.7    101.0     99.5     98.2     96.0
 230.0       155.9    151.6    148.1    145.7    143.9    142.5    137.7    132.6    129.4    127.0    125.1    118.8    114.9    112.0    109.6    107.6    105.9    104.4    101.9
 235.0       170.0    164.9    160.8    158.1    156.1    154.4    149.0    143.1    139.4    136.7    134.5    127.3    122.7    119.4    116.7    114.4    112.4    110.7    107.7
 240.0       184.0    177.6    174.4    171.2    168.9    167.0    160.7    154.0    149.8    146.7    144.2    135.9    130.7    126.9    123.8    121.2    118.9    117.0    113.6
 245.0       199.4    188.5    188.6    185.0    182.3    180.1    173.0    165.3    160.5    157.0    154.1    144.7    138.8    134.4    130.9    128.0    125.5    123.3    119.5
 250.0       215.0    210.2    203.6    199.5    196.4    193.9    185.7    177.0    171.6    167.5    164.3    153.7    147.0    142.1    138.2    134.9    132.1    129.6    125.4
 255.0       231.9    227.3    219.5    214.7    211.1    208.3    198.9    189.0    182.9    178.4    174.7    162.8    155.4    149.9    145.5    141.8    138.7    136.0    131.4
 260.0       248.9    244.4    232.1    230.6    226.5    223.3    212.6    201.4    194.5    189.4    185.4    172.1    163.8    157.7    152.9    148.9    145.5    142.5    137.5
 265.0       266.2    261.4    253.5    247.2    242.6    238.8    226.7    214.1    206.3    200.7    196.2    181.4    172.3    165.7    160.4    156.1    152.4    149.2    143.8
 270.0       283.0    278.1    271.0    259.3    259.0    254.9    241.3    227.0    218.4    212.1    207.1    191.0    181.0    173.8    168.1    163.5    159.5    156.1    150.4
 275.0       298.9    294.0    287.3    281.1    272.3    271.0    256.1    240.2    230.7    223.7    218.3    200.6    189.9    182.1    176.0    171.0    166.8    163.2    157.2
 280.0       313.2    308.5    301.9    296.9    291.5    283.8    270.9    253.5    243.0    235.4    229.5    210.3    198.8    190.5    184.0    178.7    174.3    170.5    164.2
 285.0       325.3    320.9    315.0    310.3    306.2    301.7    285.3    266.7    255.3    247.1    240.7    220.1    207.7    198.9    192.0    186.5    181.8    177.8    171.2
 290.0       335.5    331.4    325.9    321.9    318.3    314.8    298.7    279.5    267.4    258.6    251.7    229.7    216.6    207.2    200.0    194.1    189.2    185.0    178.0
 295.0       343.3    339.5    334.7    331.0    327.9    325.0    308.2    291.4    278.8    269.6    262.3    239.0    225.1    215.2    207.6    201.4    196.2    191.8    184.4
 300.0       348.6    345.4    341.0    337.9    335.2    332.7    320.9    302.0    289.2    279.7    272.1    247.7    233.1    222.7    214.6    208.1    202.6    197.9    190.2
 305.0       351.7    348.9    345.3    342.7    340.4    338.3    329.2    310.8    298.4    288.8    281.0    255.7    240.4    229.4    221.0    214.1    208.3    203.4    195.3
 310.0       327.5    351.1    348.2    346.1    344.3    342.5    335.1    319.0    306.4    297.1    289.2    263.0    247.1    235.7    226.8    219.6    213.6    208.4    199.9
 315.0       312.3    352.8    350.5    348.8    347.4    346.2    339.9    326.7    314.6    304.6    297.3    270.4    253.8    241.8    232.5    225.0    218.7    213.3    204.5
 320.0       313.0    354.5    353.0    351.9    350.7    349.7    344.6    334.6    322.8    313.2    304.9    276.9    259.9    255.5    247.8    241.3    235.9    230.9    194.8
 325.0       329.1    342.7    355.5    354.6    353.8    352.8    348.8    340.7    330.7    321.7    313.6    285.1    267.2    257.2    253.4    246.7    241.0    236.1    220.7
 330.0       325.1    357.5    358.1    357.4    356.7    356.1    352.8    346.0    339.0    324.5    322.5    293.9    275.4    262.2    258.5    252.6    246.7    241.7    232.2
 335.0       308.6    324.5    360.9    360.3    359.7    359.1    356.5    350.9    345.2    338.6    329.4    303.3    284.3    270.4    260.9    259.2    253.1    247.8    239.0
 340.0       322.5    291.3    363.7    363.2    362.9    362.4    360.2    355.6    350.9    346.1    340.1    313.2    294.1    279.7    268.5    263.0    260.3    254.7    245.6
 345.0       368.4    351.0    361.7    366.2    366.0    365.5    363.9    360.1    356.3    352.3    348.2    323.5    304.5    289.9    278.2    268.9    265.4    262.5    253.0
 350.0       383.0    341.7    354.6    369.5    369.3    369.1    367.7    364.7    361.6    358.3    355.0    334.0    315.6    301.0    289.0    279.1    271.1    268.5    261.3
 355.0       388.1    340.6    353.0    362.4    372.8    372.7    371.5    369.3    366.8    364.3    361.6    341.6    327.3    312.8    300.8    290.6    281.8    274.9    269.5
 360.0       388.3    383.2    359.7    367.3    373.4    376.7    376.0    374.3    372.4    370.4    368.3    355.3    339.3    325.3    313.4    303.1    294.2    286.3    276.7
 365.0       376.1    368.5    348.4    377.9    381.5    381.5    381.0    379.7    378.3    376.9    375.2    365.6    351.5    338.4    326.8    316.6    307.6    299.6    286.4
 370.0       328.5    315.7    308.7    321.9    335.1    386.7    386.5    386.0    384.9    383.7    382.5    375.0    361.6    352.0    340.9    331.0    322.1    314.0    300.2
 375.0       410.2    408.7    358.8    366.4    373.0    378.6    393.0    392.8    392.1    391.3    390.3    384.4    376.7    365.9    355.7    346.2    337.5    329.6    315.7
 380.0       370.8    363.3    346.2    327.2    321.1    329.4    400.5    400.5    400.1    399.6    398.9    394.4    388.8    379.7    371.1    362.3    353.9    346.2    332.5
 385.0       424.0    422.7    419.4    413.9    387.1    391.7    408.0    409.3    409.2    408.8    408.4    405.1    400.7    395.2    380.6    379.0    371.3    364.0    350.6
 390.0       442.9    442.5    344.6    352.1    360.1    367.4    395.6    419.3    419.4    419.3    419.1    416.8    413.4    409.7    403.8    395.4    389.6    382.8    370.0
 395.0       404.3    399.8    389.7    378.3    365.8    353.6    374.6    430.7    430.9    431.0    431.0    429.7    427.3    424.3    420.7    415.0    408.5    402.7    390.8
 400.0       441.3    438.9    433.8    427.8    421.0    413.2    363.9    443.7    444.0    444.3    444.5    444.1    442.5    440.2    438.0    434.3    429.1    423.4    413.0
 405.0       465.1    463.5    460.1    456.3    452.1    447.4    413.1    458.4    458.9    459.5    459.7    460.2    459.3    457.8    455.9    454.1    450.8    446.3    436.8
 410.0       484.4    482.6    479.7    476.6    473.3    469.6    444.1    475.3    476.1    476.6    477.1    478.2    478.1    477.3    476.0    474.5    473.1    470.3    456.1
 415.0       499.0    497.6    494.9    491.9    488.7    485.2    461.5    494.5    495.4    496.2    496.7    498.6    499.2    499.1    498.4    497.3    496.2    495.3    489.8
 420.0       508.8    507.2    503.9    500.3    496.4    492.1    465.4    448.3    517.4    518.3    519.2    521.7    522.9    523.4    523.3    522.9    522.2    521.4    519.0
 425.0       563.1    563.2    563.6    563.9    564.3    564.6    459.0    489.5    514.8    543.5    544.5    547.8    549.7    550.8    551.3    551.4    551.2    550.8    550.0
 430.0       592.9    592.8    592.4    592.1    591.8    591.4    589.5    538.3    555.3    567.6    573.5    577.3    579.9    581.7    582.8    583.4    583.7    583.7    583.4
 435.0       617.4    617.1    616.5    615.8    615.1    614.2    604.6    581.6    542.3    605.0    607.0    610.8    614.1    616.5    618.2    619.4    620.2    620.8    621.2
 440.0       660.7    660.8    661.1    661.4    661.8    662.1    663.7    565.9    583.4    604.1    620.1    648.9    652.8    655.8    658.2    659.9    661.3    662.0    663.0
 445.0       702.6    702.5    702.3    702.1    701.9    701.7    700.6    696.0    679.6    658.7    681.5    691.8    696.6    700.3    703.2    706.0    709.0    712.0    715.0
 450.0       749.9    750.0    750.4    750.7    751.1    751.4    752.9    672.4    657.8    667.5    686.3    740.6    746.0    752.0    758.0    764.0    770.0    776.0    782.0
