#pT_OLR    0.01000   0.02000   0.04000   0.06000   0.08000   0.10000   0.20000   0.40000   0.60000   0.80000   1.00000   2.00000   3.00000   4.00000   5.00000   6.00000   7.00000   8.00000  10.00000  
 100.0         5.7      5.7      5.7      5.7      5.7      5.7      5.7      5.6      5.6      5.6      5.6      5.6      5.6      5.6      5.6      5.6      5.6      5.6      5.6  
 105.0         6.9      6.9      6.9      6.9      6.9      6.9      6.9      6.8      6.8      6.8      6.8      6.8      6.8      6.8      6.8      6.8      6.8      6.8      6.7  
 110.0         8.3      8.3      8.3      8.3      8.3      8.3      8.3      8.2      8.2      8.2      8.2      8.2      8.1      8.1      8.1      8.1      8.1      8.1      8.1  
 115.0         9.9      9.9      9.9      9.9      9.9      9.9      9.9      9.8      9.8      9.8      9.7      9.7      9.7      9.7      9.6      9.6      9.6      9.6      9.6  
 120.0        11.7     11.7     11.7     11.7     11.7     11.7     11.7     11.6     11.6     11.5     11.5     11.4     11.4     11.4     11.4     11.3     11.3     11.3     11.3  
 125.0        13.8     13.8     13.8     13.8     13.8     13.7     13.7     13.6     13.6     13.5     13.5     13.4     13.4     13.3     13.3     13.3     13.2     13.2     13.2  
 130.0        16.2     16.2     16.1     16.1     16.1     16.1     16.0     15.9     15.8     15.8     15.7     15.6     15.5     15.5     15.4     15.4     15.4     15.3     15.3  
 135.0        18.8     18.8     18.7     18.7     18.7     18.6     18.5     18.4     18.3     18.3     18.2     18.0     17.9     17.9     17.8     17.8     17.7     17.7     17.6  
 140.0        21.8     21.7     21.7     21.6     21.6     21.5     21.4     21.2     21.1     21.0     21.0     20.8     20.6     20.5     20.5     20.4     20.3     20.3     20.2  
 145.0        25.0     25.0     24.9     24.9     24.8     24.8     24.6     24.4     24.2     24.1     24.0     23.8     23.6     23.5     23.4     23.3     23.2     23.2     23.1  
 150.0        28.7     28.6     28.5     28.4     28.4     28.3     28.1     27.9     27.7     27.5     27.4     27.1     26.8     26.7     26.6     26.5     26.4     26.3     26.2  
 155.0        32.7     32.6     32.5     32.4     32.3     32.3     32.0     31.7     31.4     31.3     31.1     30.7     30.4     30.2     30.1     29.9     29.8     29.7     29.6  
 160.0        37.1     37.0     36.9     36.8     36.7     36.6     36.4     36.0     35.6     35.3     35.2     34.6     34.3     34.1     33.9     33.7     33.6     33.5     33.3  
 165.0        41.9     41.8     41.7     41.6     41.4     41.3     40.9     40.4     40.1     39.8     39.6     39.0     38.5     38.3     38.0     37.8     37.7     37.5     37.3  
 170.0        47.3     47.1     47.0     46.8     46.7     46.5     46.1     45.4     45.0     44.7     44.5     43.7     43.2     42.8     42.5     42.3     42.1     41.9     41.6  
 175.0        53.1     52.9     52.7     52.5     52.4     52.2     51.6     50.9     50.4     50.0     49.7     48.8     48.2     47.7     47.4     47.1     46.9     46.7     46.3  
 180.0        59.4     59.2     59.0     58.7     58.6     58.4     57.7     56.8     56.2     55.8     55.4     54.3     53.5     53.0     52.6     52.3     52.0     51.7     51.3  
 185.0        66.3     66.1     65.8     65.5     65.3     65.1     64.3     63.2     62.6     62.0     61.6     60.2     59.3     58.7     58.2     57.8     57.5     57.2     56.7  
 190.0        73.7     73.5     73.1     72.8     72.6     72.3     71.4     70.2     69.4     68.7     68.2     66.6     65.5     64.8     64.2     63.7     63.3     62.9     62.3  
 195.0        81.8     81.5     81.1     80.7     80.4     80.2     79.1     77.6     76.7     75.9     75.3     73.4     72.2     71.3     70.6     70.0     69.5     69.1     68.3  
 200.0        90.5     90.1     89.7     89.3     88.9     88.6     87.3     85.6     84.5     83.7     83.0     80.6     79.2     78.1     77.3     76.6     76.0     75.5     74.6  
 205.0        99.9     99.4     98.9     98.4     98.0     97.6     96.1     94.2     92.9     91.9     91.0     88.3     86.6     85.3     84.4     83.5     82.8     82.2     81.2  
 210.0       109.9    109.4    108.8    108.2    107.7    107.3    105.6    103.3    101.8    100.6     99.6     96.4     94.4     92.9     91.7     90.8     89.9     89.2     88.0  
 215.0       120.8    120.1    119.3    118.7    118.1    117.6    115.6    113.0    111.2    109.8    108.7    104.9    102.5    100.8     99.4     98.3     97.3     96.5     95.0  
 220.0       132.4    131.5    130.6    129.9    129.2    128.6    126.3    123.2    121.1    119.5    118.2    113.8    111.0    109.0    107.4    106.1    105.0    104.0    102.3  
 225.0       144.8    143.7    142.6    141.7    141.0    140.3    137.6    134.0    131.5    129.7    128.1    123.0    119.9    117.5    115.7    114.1    112.8    111.7    109.8  
 230.0       157.9    156.6    155.3    154.3    153.4    152.6    149.4    145.3    142.5    140.3    138.5    132.6    129.0    126.3    124.2    122.4    120.9    119.6    117.4  
 235.0       171.9    170.3    168.8    167.5    166.5    165.5    161.9    157.1    153.8    151.3    149.3    142.5    138.3    135.3    132.9    130.9    129.2    127.7    125.2  
 240.0       186.5    183.2    182.9    181.5    180.2    179.1    174.9    169.4    165.6    162.8    160.4    152.7    148.0    144.5    141.8    139.5    137.6    135.9    133.1  
 245.0       201.7    194.2    197.7    196.0    194.6    193.3    188.4    182.1    177.8    174.6    171.9    163.2    157.8    153.9    150.8    148.3    146.1    144.3    141.2  
 250.0       217.5    215.9    213.2    211.2    209.6    208.1    202.5    195.3    190.4    186.7    183.7    173.9    167.9    163.5    160.1    157.2    154.9    152.8    149.4  
 255.0       233.7    232.4    229.2    227.0    225.1    223.4    217.0    208.8    203.3    199.2    195.8    184.8    178.1    173.2    169.4    166.3    163.7    161.5    157.7  
 260.0       250.5    249.2    241.7    243.2    241.1    239.2    232.0    222.7    216.5    211.9    208.1    195.9    188.4    183.1    179.0    175.6    172.8    170.3    166.2  
 265.0       267.5    265.5    262.8    259.7    257.4    255.3    247.3    236.9    230.0    224.8    220.6    207.1    198.9    193.1    188.6    185.0    181.9    179.3    175.0  
 270.0       284.1    281.3    279.4    271.3    273.7    271.5    262.7    251.3    243.6    237.8    233.2    218.4    209.5    203.3    198.4    194.5    191.2    188.4    183.8  
 275.0       299.6    296.4    295.0    292.1    286.1    287.1    278.0    265.6    257.2    250.9    245.9    229.7    220.2    213.5    208.3    204.1    200.6    197.7    192.7  
 280.0       313.4    309.8    306.7    306.5    304.2    298.7    292.7    279.7    270.7    263.9    258.4    241.0    230.8    223.6    218.1    213.7    210.0    206.8    201.6  
 285.0       324.9    321.0    317.4    316.4    316.9    314.7    306.1    293.2    283.7    276.5    270.7    252.2    241.3    233.6    227.8    223.1    219.2    215.9    210.3  
 290.0       339.2    335.9    332.2    329.5    327.5    325.9    317.9    305.5    295.9    288.4    282.3    262.7    251.2    243.2    236.6    232.2    228.0    224.5    218.6  
 295.0       346.9    343.8    340.3    337.8    336.0    334.4    325.2    316.3    307.0    299.4    293.2    272.7    260.7    252.3    245.7    239.4    236.2    232.4    226.1  
 300.0       352.1    349.4    346.1    344.0    342.3    340.8    335.3    325.2    316.5    309.1    302.8    281.8    269.3    260.4    253.6    247.6    243.5    239.4    232.7  
 305.0       355.1    352.7    350.0    348.1    346.6    345.4    340.8    332.1    324.3    317.2    311.1    289.7    276.7    267.5    260.3    254.4    248.6    245.4    238.3  
 310.0       330.6    354.7    352.4    351.0    349.9    348.8    344.7    337.5    330.7    324.2    318.2    296.6    283.1    273.6    266.1    260.0    254.7    250.6    243.1  
 315.0       315.0    356.1    354.4    353.3    352.4    351.7    348.1    342.2    336.3    330.5    324.9    303.1    289.1    279.1    271.4    265.1    259.7    254.9    247.6  
 320.0       315.3    357.5    356.4    355.7    355.0    354.4    351.5    346.8    341.4    336.4    331.3    309.8    295.2    284.7    276.7    270.1    264.5    259.7    250.8  
 325.0       332.0    345.8    358.9    358.4    357.9    357.3    355.0    350.7    346.3    342.0    337.5    316.9    301.9    290.9    282.5    275.6    269.8    264.7    256.4  
 330.0       328.0    360.5    361.4    361.0    360.6    360.2    358.4    354.5    351.2    340.6    343.4    324.4    309.1    297.6    288.8    281.6    275.6    270.3    260.1  
 335.0       310.9    327.2    364.1    363.7    363.4    363.0    361.6    358.3    355.3    352.4    346.8    332.1    317.0    305.2    295.9    288.4    282.1    276.6    267.5  
 340.0       325.2    293.6    366.9    366.5    366.4    366.1    364.8    362.1    359.4    357.1    354.5    339.8    325.5    313.5    303.8    296.0    289.4    283.7    274.3  
 345.0       371.4    354.0    364.8    369.5    369.4    369.1    368.2    365.9    363.7    361.6    359.7    347.5    334.4    322.6    312.7    304.4    297.5    291.6    281.8  
 350.0       385.1    344.5    357.6    367.0    372.6    372.5    371.7    370.0    368.2    366.3    364.7    354.8    343.5    332.3    322.4    313.9    306.7    300.5    290.2  
 355.0       389.9    343.3    356.0    365.6    376.0    376.0    375.4    374.2    372.8    371.4    369.9    358.8    352.6    342.5    332.9    324.4    316.9    310.4    299.7  
 360.0       390.7    386.0    362.7    370.5    376.5    379.9    379.7    378.8    377.9    376.8    375.6    369.6    361.7    352.9    344.0    335.7    328.1    321.4    310.2  
 365.0       379.1    371.6    351.5    381.0    384.6    384.7    384.6    384.0    383.4    382.7    381.8    377.1    370.6    363.4    355.5    347.7    340.3    333.6    322.0  
 370.0       330.8    317.8    310.4    323.9    337.4    389.9    390.0    390.0    389.6    389.1    388.5    384.8    378.0    373.9    367.3    360.3    353.3    346.7    335.0  
 375.0       411.6    410.5    361.5    369.3    376.0    381.7    396.4    396.7    396.5    396.3    395.8    392.9    389.5    384.5    379.2    373.2    367.0    360.8    349.3  
 380.0       373.7    366.1    348.7    329.3    322.8    331.2    403.9    404.3    404.3    404.2    404.0    401.9    399.5    395.5    391.3    386.5    381.2    375.6    364.7  
 385.0       425.9    424.9    422.0    416.9    390.1    394.7    411.2    413.0    413.2    413.2    413.2    411.9    409.9    407.7    396.7    400.1    395.8    391.1    381.2  
 390.0       441.7    441.5    346.4    354.2    362.3    369.8    398.6    422.9    423.3    423.5    423.6    423.1    421.6    420.2    417.7    413.1    411.0    407.1    398.7  
 395.0       407.3    402.7    392.5    380.9    368.2    355.7    376.8    434.2    434.7    435.1    435.3    435.5    434.6    433.4    432.2    429.9    426.5    423.9    417.0  
 400.0       444.3    442.1    437.0    431.0    424.2    416.3    366.3    447.1    447.7    448.3    448.7    449.5    449.2    448.4    447.8    446.4    444.3    441.2    436.3  
 405.0       467.9    466.4    463.1    459.5    455.4    450.7    416.1    461.8    462.5    463.3    463.7    465.3    465.5    465.2    464.7    464.5    463.1    461.3    456.9  
 410.0       487.1    485.4    482.6    479.7    476.5    472.9    447.4    478.6    479.6    480.3    481.0    483.0    483.9    484.1    483.9    483.6    483.7    482.6    472.4  
 415.0       501.9    500.6    498.0    495.1    491.9    488.5    464.7    497.8    498.9    499.9    500.5    503.2    504.6    505.4    505.6    505.6    505.6    505.9    503.8  
 420.0       512.0    510.4    507.1    503.5    499.6    495.3    468.2    450.2    520.9    522.0    522.9    526.1    528.1    529.4    530.0    530.4    530.6    530.8    530.8  
 425.0       563.6    563.7    564.0    564.2    564.5    564.7    460.7    491.9    517.8    547.1    548.2    552.1    554.6    556.4    557.6    558.4    558.9    559.3    560.3  
 430.0       593.0    592.9    592.8    592.6    592.5    592.4    591.3    541.3    558.6    571.0    577.1    581.5    584.7    587.0    588.7    589.9    590.9    591.6    592.7  
 435.0       619.9    619.6    619.2    618.6    617.9    617.1    607.9    585.2    545.3    608.6    611.8    615.0    618.7    621.6    623.8    625.6    626.9    628.0    629.7  
 440.0       661.9    662.0    662.2    662.5    662.8    663.1    664.4    567.7    585.6    606.8    623.2    652.9    657.3    660.8    663.6    665.8    667.6    667.6    667.6  
 445.0       704.0    704.0    703.9    703.8    703.7    703.6    703.0    699.3    683.4    662.4    685.1    695.8    701.0    705.1    708.4    708.4    708.4    708.4    708.4  
 450.0       751.7    751.8    752.2    752.5    752.8    753.0    754.4    675.2    659.6    669.6    688.8    744.6    750.3    750.3    750.3    750.3    750.3    750.3    750.3 
