#pT_OLR    0.01000   0.02000   0.04000   0.06000   0.08000   0.10000   0.20000   0.40000   0.60000   0.80000   1.00000   2.00000   3.00000   4.00000   5.00000   6.00000   7.00000   8.00000  10.00000  
 100.0         5.7      5.7      5.7      5.6      5.6      5.6      5.6      5.6      5.6      5.6      5.6      5.6      5.6      5.6      5.6      5.6      5.6      5.6      5.6  
 105.0         6.9      6.9      6.9      6.9      6.9      6.8      6.8      6.8      6.8      6.8      6.8      6.8      6.8      6.7      6.7      6.7      6.7      6.7      6.7  
 110.0         8.3      8.3      8.3      8.3      8.2      8.2      8.2      8.2      8.2      8.2      8.1      8.1      8.1      8.1      8.1      8.1      8.1      8.0      8.0  
 115.0         9.9      9.9      9.9      9.8      9.8      9.8      9.8      9.7      9.7      9.7      9.7      9.6      9.6      9.6      9.6      9.6      9.6      9.5      9.5  
 120.0        11.7     11.7     11.7     11.7     11.6     11.6     11.6     11.5     11.5     11.4     11.4     11.4     11.3     11.3     11.3     11.2     11.2     11.2     11.2  
 125.0        13.8     13.8     13.7     13.7     13.7     13.7     13.6     13.5     13.4     13.4     13.4     13.3     13.2     13.2     13.2     13.1     13.1     13.1     13.1  
 130.0        16.2     16.1     16.0     16.0     16.0     15.9     15.8     15.7     15.6     15.6     15.6     15.4     15.4     15.3     15.3     15.2     15.2     15.2     15.1  
 135.0        18.8     18.7     18.6     18.6     18.5     18.5     18.4     18.2     18.1     18.0     18.0     17.8     17.7     17.6     17.6     17.5     17.5     17.5     17.4  
 140.0        21.7     21.6     21.5     21.5     21.4     21.3     21.2     21.0     20.8     20.7     20.7     20.5     20.3     20.2     20.2     20.1     20.0     20.0     19.9  
 145.0        25.0     24.9     24.8     24.7     24.6     24.5     24.3     24.1     23.9     23.7     23.7     23.4     23.2     23.1     23.0     22.9     22.8     22.8     22.7  
 150.0        28.6     28.5     28.3     28.2     28.1     28.0     27.8     27.5     27.2     27.0     26.9     26.6     26.3     26.2     26.1     26.0     25.9     25.8     25.7  
 155.0        32.6     32.4     32.3     32.1     32.0     31.9     31.6     31.2     30.8     30.7     30.5     30.1     29.8     29.6     29.4     29.3     29.2     29.1     29.0  
 160.0        37.0     36.8     36.6     36.4     36.2     36.1     35.7     35.2     34.8     34.6     34.4     33.9     33.5     33.3     33.1     32.9     32.8     32.7     32.5  
 165.0        41.8     41.6     41.3     41.1     40.9     40.8     40.2     39.6     39.2     38.9     38.7     38.0     37.6     37.3     37.1     36.9     36.7     36.6     36.4  
 170.0        47.1     46.9     46.5     46.3     46.0     45.8     45.2     44.5     44.0     43.7     43.4     42.5     42.0     41.7     41.4     41.2     41.0     40.8     40.5  
 175.0        52.9     52.6     52.2     51.9     51.6     51.4     50.6     49.7     49.2     48.8     48.5     47.4     46.8     46.4     46.1     45.8     45.5     45.3     45.0  
 180.0        59.2     58.8     58.4     58.0     57.7     57.4     56.5     55.4     54.8     54.3     53.9     52.7     52.0     51.5     51.1     50.7     50.5     50.2     49.8  
 185.0        66.0     65.6     65.1     64.6     64.3     64.0     62.9     61.6     60.9     60.3     59.8     58.4     57.6     56.9     56.4     56.0     55.7     55.4     54.9  
 190.0        73.5     73.0     72.3     71.8     71.4     71.0     69.8     68.3     67.4     66.7     66.2     64.5     63.5     62.8     62.2     61.7     61.3     60.9     60.3  
 195.0        81.5     80.9     80.2     79.6     79.1     78.7     77.2     75.5     74.5     73.7     73.1     71.1     69.9     69.0     68.3     67.7     67.2     66.8     66.1  
 200.0        90.2     89.5     88.6     87.9     87.4     86.9     85.2     83.2     82.0     81.1     80.4     78.0     76.6     75.6     74.7     74.1     73.5     73.0     72.1  
 205.0        99.5     98.7     97.7     96.9     96.3     95.7     93.8     91.5     90.1     89.0     88.2     85.4     83.7     82.5     81.5     80.7     80.0     79.4     78.4  
 210.0       109.6    108.6    107.5    106.6    105.8    105.2    102.9    100.3     98.6     97.4     96.4     93.2     91.2     89.8     88.6     87.7     86.9     86.2     85.0  
 215.0       120.4    119.2    117.9    116.9    116.0    115.3    112.7    109.7    107.7    106.3    105.1    101.4     99.1     97.4     96.1     94.9     94.0     93.2     91.7  
 220.0       132.0    130.6    129.1    127.9    126.9    126.1    123.1    119.6    117.3    115.7    114.3    110.0    107.3    105.3    103.8    102.5    101.3    100.4     98.7  
 225.0       144.4    142.7    141.0    139.6    138.5    137.5    134.1    130.0    127.4    125.5    124.0    118.9    115.8    113.5    111.7    110.2    108.9    107.8    105.9  
 230.0       157.6    155.6    153.6    152.0    150.7    149.6    145.7    141.0    138.0    135.8    134.0    128.2    124.6    122.0    119.9    118.2    116.7    115.4    113.2  
 235.0       171.6    169.3    166.9    165.1    163.7    162.4    157.8    152.5    149.1    146.5    144.5    137.9    133.7    130.7    128.4    126.4    124.7    123.2    120.7  
 240.0       186.4    182.5    181.1    179.0    177.3    175.8    170.6    164.5    160.6    157.7    155.4    147.8    143.1    139.7    137.0    134.7    132.8    131.2    128.3  
 245.0       201.6    194.8    195.9    193.6    191.6    189.9    183.9    176.9    172.5    169.2    166.6    158.0    152.7    148.8    145.8    143.3    141.1    139.2    136.1  
 250.0       217.6    215.3    211.5    208.8    206.6    204.7    197.8    189.9    184.8    181.1    178.1    168.4    162.5    158.2    154.8    151.9    149.6    147.5    144.0  
 255.0       234.0    232.1    227.8    224.8    222.2    220.0    212.2    203.2    197.5    193.3    190.0    179.1    172.5    167.7    163.9    160.8    158.1    155.9    152.0  
 260.0       251.2    249.3    241.6    241.4    238.5    236.0    227.2    217.0    210.6    205.8    202.1    190.0    182.6    177.3    173.2    169.8    166.9    164.4    160.2  
 265.0       268.6    266.3    262.4    258.4    255.3    252.5    242.6    231.1    223.9    218.6    214.4    201.1    193.0    187.2    182.7    179.0    175.8    173.1    168.6  
 270.0       286.0    282.9    279.8    271.9    272.4    269.4    258.4    245.6    237.5    231.7    227.0    212.3    203.5    197.2    192.3    188.3    185.0    182.1    177.2  
 275.0       302.7    299.1    296.6    292.9    286.6    286.2    274.5    260.3    251.4    244.9    239.8    223.7    214.1    207.3    202.1    197.8    194.2    191.1    186.0  
 280.0       318.0    314.1    310.2    308.8    305.7    299.9    290.4    275.0    265.3    258.2    252.6    235.1    224.9    217.6    212.0    207.4    203.6    200.4    194.9  
 285.0       331.3    327.2    322.9    320.9    320.2    317.4    305.6    289.6    279.1    271.4    265.4    246.6    235.6    227.9    221.9    217.1    213.1    209.6    203.9  
 290.0       347.0    343.4    339.1    335.8    333.2    330.9    319.6    303.4    292.4    284.2    277.7    257.9    246.7    238.7    232.4    225.2    222.4    218.7    212.6  
 295.0       356.7    353.4    349.3    346.3    343.9    341.8    330.1    316.5    305.2    296.6    289.8    268.7    257.1    248.7    242.3    236.5    231.3    227.4    220.9  
 300.0       364.1    361.1    357.2    354.6    352.5    350.5    342.5    328.1    316.9    308.1    301.1    278.8    266.8    258.1    251.3    245.6    239.0    235.5    228.6  
 305.0       369.0    366.2    362.9    360.6    358.7    357.1    350.4    337.7    327.1    318.3    311.2    288.1    275.3    266.5    259.4    253.7    248.3    242.2    235.3  
 310.0       350.3    369.5    366.6    364.6    363.1    361.7    356.0    345.4    335.7    327.2    320.0    296.3    282.7    273.7    266.4    260.4    255.3    250.5    241.1  
 315.0       337.6    371.3    369.0    367.4    366.2    365.1    360.4    351.7    343.2    335.2    328.1    303.8    289.1    279.7    272.5    266.3    261.0    256.3    245.9  
 320.0       337.8    372.5    370.9    369.9    368.9    368.1    364.3    357.6    349.9    342.7    335.9    311.1    295.7    285.6    277.7    271.7    266.2    261.5    253.0  
 325.0       351.7    362.8    373.2    372.5    371.8    371.1    368.1    362.4    356.1    349.8    343.6    318.8    302.7    291.7    284.2    277.3    271.6    266.6    251.4  
 330.0       348.3    375.1    375.6    375.1    374.6    374.1    371.8    366.9    362.2    351.7    351.1    327.1    310.4    298.4    290.2    283.4    277.4    272.3    262.7  
 335.0       334.0    347.8    378.3    377.9    377.5    377.1    375.3    371.3    367.3    363.0    356.5    335.8    318.8    306.2    296.6    290.2    283.9    278.5    269.5  
 340.0       346.8    318.8    381.2    380.9    380.7    380.3    378.8    375.5    372.1    368.8    365.0    344.8    327.8    314.9    304.7    297.0    291.2    285.6    276.3  
 345.0       385.7    371.3    380.2    384.0    383.8    383.5    382.4    379.7    376.9    374.1    371.3    353.9    337.6    324.4    313.8    305.2    298.7    293.5    283.7  
 350.0       398.1    364.1    375.0    382.6    387.2    387.1    386.1    384.0    381.7    379.4    377.0    362.8    347.8    334.7    323.9    315.0    307.5    301.7    292.1  
 355.0       402.9    363.9    374.3    382.2    390.8    390.7    390.0    388.4    386.6    384.8    382.8    368.9    358.3    345.8    334.9    325.7    317.9    311.2    301.2  
 360.0       404.0    400.0    380.6    387.0    391.9    394.7    394.3    393.2    391.9    390.5    388.9    380.2    368.9    357.4    346.8    337.5    329.5    322.4    311.2  
 365.0       395.0    388.8    372.0    396.4    399.4    399.4    399.2    398.4    397.5    396.6    395.4    388.7    379.3    369.3    359.4    350.2    342.1    334.9    322.8  
 370.0       355.1    343.4    336.6    348.9    360.7    404.7    404.6    404.4    403.9    403.1    402.3    397.1    388.3    381.4    372.5    363.8    355.8    348.5    336.1  
 375.0       424.2    423.2    382.2    388.7    394.2    398.9    411.0    411.1    410.8    410.4    409.8    405.7    400.7    393.5    385.9    378.0    370.4    363.3    350.7  
 380.0       393.5    387.1    372.2    354.9    348.8    356.7    418.4    418.7    418.6    418.5    418.2    415.2    411.4    405.7    399.6    392.8    385.9    379.1    366.7  
 385.0       438.5    437.5    435.0    430.6    408.5    412.3    426.0    427.4    427.7    427.6    427.4    425.5    422.5    418.9    408.2    408.0    402.0    395.8    384.0  
 390.0       454.0    453.8    372.0    379.1    386.3    392.8    417.3    437.4    437.7    437.9    438.0    436.9    434.7    432.2    428.5    422.6    418.7    413.4    402.5  
 395.0       426.3    422.5    413.9    404.0    392.8    381.5    400.4    448.7    449.2    449.5    449.7    449.5    448.1    446.1    443.8    440.3    435.8    431.7    422.3  
 400.0       459.0    457.2    453.0    448.1    442.5    436.0    392.1    461.7    462.3    462.7    463.2    463.7    462.9    461.5    460.1    457.8    454.6    450.5    443.1  
 405.0       481.2    479.9    477.2    474.2    470.8    466.9    438.2    476.4    477.1    477.9    478.3    479.6    479.5    478.7    477.6    476.6    474.5    471.7    465.2  
 410.0       500.1    498.7    496.3    493.9    491.2    488.3    467.3    493.3    494.3    494.9    495.6    497.5    498.1    497.9    497.3    496.4    495.7    493.9    483.7  
 415.0       515.6    514.5    512.3    509.9    507.3    504.5    484.9    512.6    513.6    514.5    515.2    517.8    519.0    519.4    519.3    518.8    518.3    517.9    514.5  
 420.0       527.6    526.4    523.7    520.8    517.6    514.1    491.3    475.8    535.7    536.7    537.6    540.8    542.6    543.6    544.0    544.0    543.8    543.5    542.4  
 425.0       575.6    575.8    576.0    576.3    576.6    576.8    487.1    515.5    537.6    562.0    563.0    566.9    569.3    570.9    571.8    572.3    572.5    572.5    572.6  
 430.0       605.0    605.0    604.9    604.7    604.6    604.4    603.5    561.8    576.4    586.7    592.0    596.3    599.4    601.6    603.1    604.1    604.8    605.2    605.6  
 435.0       632.2    632.0    631.6    631.1    630.5    629.9    622.3    603.8    570.3    623.5    631.8    640.0    629.9    633.6    636.4    638.4    640.0    641.2    642.0    643.1  
 440.0       673.8    674.0    674.2    674.5    674.8    675.1    676.4    593.5    610.4    628.7    642.6    667.9    672.3    675.7    678.3    680.4    682.1    682.1    682.1  
 445.0       715.9    715.9    715.9    715.8    715.7    715.7    715.1    712.1    699.0    682.1    700.9    710.9    716.1    720.1    723.3    723.3    723.3    723.3    723.3  
 450.0       763.6    763.8    764.1    764.4    764.7    764.9    766.3    700.1    685.5    695.7    712.6    759.8    765.5    770.3    770.3    770.3    770.3    770.3    770.3  
