#pT_OLR    0.01000   0.02000   0.04000   0.06000   0.08000   0.10000   0.20000   0.40000   0.60000   0.80000   1.00000   2.00000   3.00000   4.00000   5.00000   6.00000   7.00000   8.00000  10.00000  
 100.0         5.6      5.6      5.6      5.6      5.6      5.6      5.6      5.6      5.6      5.6      5.6      5.6      5.5      5.5      5.5      5.5      5.5      5.5      5.5  
 105.0         6.9      6.8      6.8      6.8      6.8      6.8      6.8      6.7      6.7      6.7      6.7      6.7      6.7      6.7      6.7      6.7      6.7      6.7      6.7  
 110.0         8.2      8.2      8.2      8.2      8.2      8.1      8.1      8.1      8.1      8.0      8.0      8.0      8.0      8.0      8.0      8.0      7.9      7.9      7.9  
 115.0         9.8      9.8      9.7      9.7      9.7      9.7      9.7      9.6      9.6      9.5      9.5      9.5      9.4      9.4      9.4      9.4      9.4      9.4      9.4  
 120.0        11.6     11.6     11.5     11.5     11.4     11.4     11.4     11.3     11.2     11.2     11.2     11.1     11.1     11.1     11.0     11.0     11.0     11.0     11.0  
 125.0        13.7     13.6     13.5     13.4     13.4     13.4     13.3     13.2     13.1     13.1     13.1     13.0     12.9     12.9     12.8     12.8     12.8     12.8     12.7  
 130.0        16.0     15.8     15.7     15.6     15.6     15.5     15.4     15.3     15.2     15.2     15.1     15.0     14.9     14.9     14.8     14.8     14.8     14.7     14.7  
 135.0        18.5     18.3     18.2     18.1     18.0     18.0     17.9     17.7     17.5     17.5     17.4     17.2     17.1     17.1     17.0     16.9     16.9     16.9     16.8  
 140.0        21.4     21.2     20.9     20.8     20.7     20.7     20.5     20.3     20.1     20.0     19.9     19.7     19.6     19.5     19.4     19.3     19.3     19.2     19.1  
 145.0        24.6     24.3     24.0     23.8     23.7     23.6     23.4     23.2     22.9     22.8     22.7     22.4     22.2     22.1     22.0     21.9     21.8     21.8     21.7  
 150.0        28.1     27.7     27.4     27.2     27.0     26.9     26.6     26.3     26.0     25.8     25.7     25.3     25.1     24.9     24.8     24.7     24.6     24.5     24.4  
 155.0        31.9     31.5     31.1     30.8     30.6     30.5     30.0     29.6     29.3     29.1     29.0     28.5     28.2     28.0     27.9     27.7     27.6     27.5     27.4  
 160.0        36.2     35.6     35.1     34.8     34.6     34.4     34.0     33.5     33.0     32.7     32.5     32.0     31.6     31.4     31.2     31.0     30.9     30.8     30.6  
 165.0        40.9     40.2     39.6     39.2     38.9     38.7     38.0     37.3     36.9     36.6     36.4     35.7     35.3     35.0     34.7     34.5     34.4     34.2     34.0  
 170.0        46.0     45.2     44.4     44.0     43.6     43.4     42.6     41.7     41.2     40.9     40.6     39.7     39.2     38.9     38.6     38.3     38.1     37.9     37.6  
 175.0        51.5     50.6     49.7     49.1     48.8     48.4     47.5     46.5     45.9     45.5     45.1     44.1     43.5     43.0     42.7     42.4     42.1     41.9     41.5  
 180.0        57.6     56.5     55.4     54.8     54.3     54.0     52.8     51.6     50.9     50.4     50.0     48.8     48.0     47.5     47.0     46.7     46.3     46.1     45.6  
 185.0        64.2     62.8     61.6     60.9     60.3     59.9     58.6     57.2     56.4     55.8     55.3     53.8     52.9     52.2     51.6     51.2     50.8     50.5     49.9  
 190.0        71.3     69.8     68.3     67.5     66.8     66.3     64.8     63.2     62.2     61.5     60.9     59.1     58.0     57.2     56.5     56.0     55.5     55.1     54.4  
 195.0        79.1     77.2     75.6     74.6     73.8     73.3     71.5     69.6     68.4     67.6     66.9     64.8     63.4     62.4     61.7     61.0     60.4     59.9     59.0  
 200.0        87.4     85.3     83.4     82.2     81.4     80.7     78.6     76.4     75.1     74.1     73.3     70.8     69.2     68.0     67.0     66.2     65.4     64.8     63.7  
 205.0        96.4     93.9     91.8     90.4     89.5     88.7     86.3     83.7     82.2     81.0     80.1     77.1     75.1     73.7     72.5     71.5     70.6     69.8     68.5  
 210.0       106.1    103.2    100.8     99.2     98.1     97.3     94.5     91.5     89.7     88.3     87.3     83.6     81.3     79.6     78.1     76.9     75.9     74.9     73.3  
 215.0       116.7    113.2    110.4    108.6    107.4    106.4    103.2     99.8     97.6     96.1     94.8     90.5     87.7     85.6     83.9     82.4     81.2     80.0     78.1  
 220.0       128.1    123.8    120.6    118.7    117.2    116.1    112.4    108.5    106.0    104.1    102.6     97.6     94.3     91.7     89.7     88.0     86.5     85.1     82.8  
 225.0       140.4    135.2    131.6    129.3    127.7    126.4    122.2    117.6    114.7    112.6    110.8    104.8    100.9     98.0     95.6     93.5     91.7     90.1     87.4  
 230.0       152.0    147.4    143.2    140.6    138.8    137.3    132.4    127.2    123.8    121.3    119.3    112.3    107.7    104.2    101.4     99.0     96.9     95.1     91.9  
 235.0       166.2    160.4    155.5    152.6    150.5    148.8    143.2    137.2    133.3    130.4    128.0    119.9    114.6    110.5    107.2    104.4    102.0     99.9     96.2  
 240.0       181.3    173.1    168.6    165.3    162.8    160.8    154.5    147.5    143.1    139.7    137.0    127.6    121.4    116.8    113.0    109.8    107.0    104.6    100.4  
 245.0       196.3    184.9    182.5    178.6    175.8    173.5    166.2    158.3    153.2    149.3    146.2    135.4    128.3    123.0    118.7    115.1    111.9    109.2    104.5  
 250.0       212.4    205.0    197.2    192.7    189.4    186.8    178.5    169.4    163.6    159.2    155.6    143.3    135.3    129.2    124.4    120.3    116.8    113.7    108.5  
 255.0       228.7    222.6    212.8    207.5    203.7    200.7    191.2    180.8    174.2    169.2    165.1    151.2    142.2    135.4    130.0    125.5    121.6    118.2    112.4  
 260.0       245.4    240.1    227.6    223.2    218.8    215.4    204.4    192.6    185.1    179.5    174.9    159.2    149.2    141.6    135.6    130.7    126.4    122.7    116.5  
 265.0       262.2    257.0    247.0    239.7    234.7    230.7    218.1    204.7    196.3    190.0    184.8    167.4    156.2    147.9    141.4    136.0    131.3    127.4    120.7  
 270.0       278.9    273.0    265.3    253.8    251.2    246.7    232.3    217.2    207.7    200.6    194.9    175.6    163.3    154.3    147.3    141.4    136.5    132.2    125.2  
 275.0       294.7    288.7    282.2    274.7    266.8    263.2    247.0    230.0    219.4    211.6    205.2    184.0    170.7    161.0    153.4    147.1    141.9    137.4    130.1  
 280.0       309.2    303.1    295.9    291.4    285.4    277.9    262.0    243.1    231.4    222.7    215.7    192.6    178.2    167.8    159.7    153.2    147.7    143.0    135.3  
 285.0       327.4    322.2    314.8    308.8    300.9    295.9    277.1    256.4    243.6    234.1    226.5    201.4    186.0    175.0    166.4    159.5    153.8    148.9    141.0  
 290.0       339.4    334.6    327.8    322.4    317.5    312.7    291.4    269.3    255.5    245.3    237.1    218.3    211.3    202.7    195.9    188.6    160.1    155.0    146.8  
 295.0       349.1    344.8    338.6    333.9    329.7    325.7    305.2    282.3    267.7    256.8    248.1    223.2    221.2    212.2    205.4    199.3    166.5    161.2    152.6  
 300.0       356.6    352.7    347.2    343.1    339.4    336.1    318.6    294.6    279.4    268.0    258.8    229.6    229.5    221.4    214.3    208.4    202.5    167.2    158.3  
 305.0       361.6    358.2    353.5    349.9    346.8    343.9    330.6    305.9    290.3    278.6    269.1    237.9    233.9    229.9    222.4    216.3    211.0    204.8    163.5  
 310.0       364.5    361.8    357.7    354.6    352.0    349.7    338.9    316.3    300.6    288.6    278.9    246.3    237.3    236.0    229.4    223.1    217.8    212.8    196.7  
 315.0       331.7    363.7    360.6    358.2    356.1    354.1    345.3    324.6    310.5    298.5    288.6    255.0    237.3    235.9    235.5    229.0    223.5    218.7    208.4  
 320.0       331.9    365.4    363.0    361.1    359.6    357.9    350.8    336.4    320.4    308.4    298.5    264.2    242.7    239.0    236.3    234.5    228.8    223.9    215.2  
 325.0       345.3    356.3    365.8    364.5    363.1    361.9    356.2    344.7    327.6    318.5    308.7    274.0    251.5    242.9    247.7    240.4    234.3    229.1    220.6  
 330.0       340.5    368.8    368.5    367.5    366.5    365.6    360.8    351.5    340.8    326.8    319.1    284.4    261.3    245.4    252.4    246.7    240.3    234.9    224.6  
 335.0       328.6    342.1    371.4    370.6    369.8    369.0    365.3    357.5    349.4    339.3    329.5    295.4    272.0    254.4    246.6    253.6    247.0    241.3    231.8  
 340.0       339.4    311.4    374.5    373.7    373.0    372.6    369.5    363.0    356.4    349.4    340.2    306.9    283.5    265.4    251.4    253.3    254.5    248.5    238.7  
 345.0       379.1    364.8    373.8    377.0    376.6    376.0    373.6    368.3    362.9    357.3    351.0    318.6    295.6    277.5    262.7    251.9    256.2    256.6    246.3  
 350.0       393.4    357.8    368.5    380.4    380.1    379.8    377.5    373.5    369.0    364.4    359.8    330.7    308.3    290.4    275.4    262.7    254.6    258.9    254.9  
 355.0       398.8    357.6    368.0    375.7    383.8    383.5    381.9    378.6    375.0    371.4    367.5    342.7    321.5    303.9    289.0    276.2    265.1    258.7    263.0  
 360.0       398.7    393.6    374.1    380.5    385.6    387.7    386.5    383.9    381.2    378.2    375.1    355.3    335.0    318.1    303.5    290.7    279.4    269.5    264.9  
 365.0       388.0    381.3    363.7    390.0    392.6    392.5    391.6    389.6    387.4    385.1    382.7    368.3    348.9    332.8    318.7    306.1    294.9    284.7    268.6  
 370.0       348.8    337.2    332.7    344.7    356.1    397.8    397.2    395.8    394.3    392.5    390.5    379.5    357.1    347.9    334.5    322.4    311.3    301.3    283.7  
 375.0       421.0    419.2    376.0    382.4    387.8    392.5    403.7    402.8    401.7    400.3    398.9    390.0    378.1    363.5    350.8    339.3    328.7    318.8    301.3  
 380.0       386.5    380.0    364.9    348.0    344.5    353.2    411.2    410.6    409.9    409.0    407.9    401.0    392.4    375.7    367.8    356.9    346.8    337.4    320.3  
 385.0       434.2    432.7    429.1    423.7    402.0    405.8    419.6    419.7    419.1    418.5    417.7    412.4    405.8    396.8    384.3    375.3    365.8    356.9    340.4  
 390.0       456.3    455.4    367.5    374.4    381.4    387.7    411.4    429.8    429.6    429.2    428.6    424.7    419.4    413.3    404.0    394.5    385.7    377.3    361.7  
 395.0       419.1    415.2    406.5    396.6    385.3    375.1    396.4    441.2    441.2    441.0    440.7    438.1    434.1    429.4    423.4    414.1    406.5    398.8    384.2  
 400.0       452.1    450.1    445.5    440.3    434.4    427.6    382.8    454.2    454.4    454.4    454.5    452.9    449.9    446.2    442.3    436.4    427.1    421.5    408.1  
 405.0       475.0    473.5    470.3    466.8    463.1    458.8    428.7    469.0    469.4    469.8    469.8    469.2    467.3    464.6    461.4    457.9    452.6    444.2    433.4  
 410.0       494.0    492.4    489.6    486.8    483.7    480.4    458.0    485.9    486.6    487.0    487.4    487.6    486.5    484.7    482.3    479.6    476.7    472.0    459.4  
 415.0       509.0    507.8    505.2    502.5    499.7    496.5    475.9    505.2    506.0    506.5    507.0    508.2    508.0    506.9    505.4    503.4    501.2    498.8    489.9  
 420.0       520.3    519.0    516.1    513.0    509.7    506.1    482.8    472.7    528.1    528.9    529.6    531.5    532.1    531.8    530.9    529.7    528.1    526.4    521.4  
 425.0       573.9    574.1    574.6    575.0    575.5    575.9    483.5    511.0    532.0    554.1    555.0    557.7    559.1    559.6    559.4    558.8    557.9    556.7    554.2  
 430.0       604.1    603.8    603.3    602.7    602.2    601.6    598.9    555.8    569.8    580.1    584.1    587.5    589.6    590.8    591.3    591.3    591.0    590.4    588.6  
 435.0       626.5    626.2    625.5    624.8    624.0    623.1    614.3    594.2    559.2    615.7    618.5    621.2    624.1    626.0    627.2    627.8    628.1    628.1    627.3  
 440.0       670.5    670.7    671.0    671.5    671.9    672.2    674.1    589.9    606.3    623.7    636.8    659.3    663.0    665.6    667.5    668.8    669.7    669.7    669.7  
 445.0       712.2    712.1    711.8    711.5    711.2    710.9    709.4    703.0    689.4    686.5    694.0    702.4    706.8    710.3    712.9    712.9    712.9    712.9    712.9  
 450.0       759.0    759.2    759.6    759.9    760.3    760.7    762.4    691.5    682.2    692.2    708.2    751.4    756.5    756.5    756.5    756.5    756.5    756.5    756.5  
