#pT_OLR    0.01000   0.02000   0.04000   0.06000   0.08000   0.10000   0.20000   0.40000   0.60000   0.80000   1.00000   2.00000   3.00000   4.00000   5.00000   6.00000   7.00000   8.00000  10.00000  
 100.0         5.6      5.6      5.6      5.6      5.6      5.6      5.6      5.6      5.6      5.5      5.5      5.5      5.5      5.5      5.5      5.5      5.5      5.5      5.5  
 105.0         6.8      6.8      6.8      6.8      6.8      6.8      6.9      6.8      6.7      6.7      6.7      6.7      6.7      6.7      6.6      6.6      6.6      6.6      6.6  
 110.0         8.2      8.2      8.1      8.1      8.1      8.1      8.0      8.0      8.0      8.0      8.0      8.0      7.9      7.9      7.9      7.9      7.9      7.9      7.9  
 115.0         9.8      9.7      9.7      9.6      9.6      9.6      9.5      9.5      9.5      9.5      9.5      9.4      9.4      9.4      9.3      9.3      9.3      9.3      9.3  
 120.0        11.5     11.5     11.4     11.4     11.3     11.3     11.3     11.2     11.1     11.1     11.1     11.0     11.0     11.0     10.9     10.9     10.9     10.9     10.9  
 125.0        13.5     13.4     13.4     13.3     13.3     13.2     13.1     13.0     13.0     13.0     12.9     12.8     12.8     12.7     12.7     12.7     12.7     12.6     12.6  
 130.0        15.8     15.7     15.5     15.5     15.4     15.4     15.2     13.9     15.0     15.0     14.9     14.8     14.7     14.7     14.6     14.6     14.6     14.5     14.5  
 135.0        18.3     18.1     18.0     17.9     17.8     17.7     17.6     15.6     17.3     17.2     17.2     17.0     16.9     16.8     16.8     16.7     16.7     16.6     16.6  
 140.0        21.1     20.9     20.6     20.5     20.4     20.3     20.1     19.9     19.8     19.7     19.6     19.4     19.2     19.1     19.1     19.0     19.0     18.9     18.8  
 145.0        24.2     23.9     23.6     23.4     23.3     23.2     22.9     22.6     22.5     22.4     22.3     22.0     21.8     21.7     21.6     21.5     21.4     21.4     21.3  
 150.0        27.6     27.2     26.9     26.7     26.5     26.4     26.0     25.7     25.4     25.3     25.2     24.8     24.6     24.4     24.3     24.2     24.1     24.0     23.9  
 155.0        31.3     30.9     30.4     30.2     30.0     29.9     29.4     28.9     28.7     28.5     28.3     27.9     27.6     27.4     27.2     27.1     27.0     26.9     26.7  
 160.0        35.4     34.9     34.4     34.0     33.8     33.6     33.0     32.5     32.2     31.9     31.8     31.2     30.8     30.6     30.4     30.2     30.1     29.9     29.7  
 165.0        39.9     39.3     38.6     38.3     38.0     37.8     37.1     36.4     36.0     35.7     35.5     34.7     34.3     34.0     33.7     33.5     33.4     33.2     32.9  
 170.0        44.9     44.1     43.3     42.8     42.5     42.2     41.4     40.6     40.1     39.7     39.5     38.6     38.0     37.6     37.3     37.1     36.8     36.6     36.3  
 175.0        50.2     49.3     48.4     47.8     47.4     47.1     46.1     45.1     44.5     44.1     43.8     42.7     42.0     41.5     41.1     40.8     40.5     40.3     39.8  
 180.0        56.1     55.0     53.9     53.2     52.7     52.4     51.2     50.0     49.3     48.8     48.4     47.1     46.2     45.6     45.1     44.7     44.4     44.1     43.5  
 185.0        62.4     61.1     59.8     59.0     58.5     58.0     56.7     55.3     54.4     53.8     53.3     51.7     50.7     49.9     49.3     48.8     48.4     48.0     47.3  
 190.0        69.2     67.7     66.2     65.3     64.7     64.2     62.6     60.9     59.9     59.2     58.6     56.6     55.4     54.5     53.7     53.1     52.5     52.0     51.1  
 195.0        76.6     74.9     73.1     72.1     71.4     70.8     68.9     67.0     65.8     64.9     64.2     61.8     60.3     59.1     58.2     57.4     56.7     56.1     55.0  
 200.0        84.6     82.6     80.6     79.4     78.5     77.9     75.7     73.4     72.0     70.9     70.1     67.2     65.4     63.9     62.8     61.8     61.0     60.2     58.9  
 205.0        93.1     90.9     88.6     87.2     86.2     85.4     82.9     80.3     78.6     77.3     76.3     72.8     70.6     68.9     67.4     66.2     65.2     64.3     62.7  
 210.0       102.4     99.8     97.2     95.6     94.4     93.5     90.6     87.5     85.5     84.0     82.8     78.7     75.9     73.8     72.1     70.7     69.4     68.3     66.4  
 215.0       112.2    109.3    106.3    104.5    103.2    102.2     98.8     95.2     92.8     91.1     89.6     84.6     81.3     78.8     76.8     75.0     73.5     72.2     70.0  
 220.0       121.9    119.5    116.1    114.0    112.5    111.4    107.5    103.2    100.5     98.4     96.6     90.7     86.8     83.8     81.4     79.3     77.6     76.0     73.3  
 225.0       131.7    130.4    126.5    124.1    122.4    121.1    116.6    111.6    108.4    105.9    103.9     96.9     92.2     88.7     85.9     83.5     81.4     79.6     76.5  
 230.0       142.6    142.0    137.5    134.9    132.9    131.3    126.2    120.4    116.6    113.7    111.3    103.1     97.7     93.6     90.3     87.5     85.1     83.0     79.4  
 235.0       158.9    154.4    149.3    146.2    143.9    142.1    136.2    129.5    125.1    121.7    118.9    109.3    103.0     98.3     94.5     91.3     88.6     86.2     82.1  
 240.0       174.4    167.6    161.7    158.1    155.5    153.5    146.6    138.9    133.8    129.9    126.7    115.5    108.3    102.9     98.6     94.9     91.8     89.1     84.6  
 245.0       190.6    181.2    174.8    170.7    167.7    165.3    157.5    148.6    142.7    138.2    134.5    121.8    113.5    107.4    102.5     98.4     94.9     91.9     86.8  
 250.0       207.0    192.7    188.7    183.9    180.5    177.8    168.8    158.5    151.8    146.7    142.4    127.9    118.6    111.7    106.3    101.7     97.9     94.5     89.0  
 255.0       223.5    213.5    203.5    197.9    193.9    190.8    180.4    168.8    161.1    155.2    150.4    134.1    123.6    116.0    109.9    105.0    100.7     97.1     91.0  
 260.0       239.8    231.7    219.2    212.7    208.0    204.4    192.5    179.2    170.5    163.9    158.5    140.2    128.6    120.2    113.6    108.2    103.6     99.7     93.2  
 265.0       259.8    251.4    231.3    228.0    222.6    218.4    204.8    189.9    180.1    172.7    166.6    146.3    133.6    124.4    117.3    111.4    106.5    102.3     95.4  
 270.0       277.0    269.0    253.8    244.3    238.1    233.2    217.7    200.9    190.0    181.7    174.9    152.5    138.7    128.8    121.1    114.9    109.7    105.3     98.1  
 275.0       293.5    285.9    273.6    255.8    254.2    248.7    231.1    212.3    200.0    190.8    183.4    158.9    144.0    133.3    125.2    118.6    113.2    108.6    101.1  
 280.0       308.7    301.8    291.2    279.9    267.8    264.6    244.9    224.0    210.5    200.3    192.2    165.5    149.5    138.2    129.6    122.7    117.1    112.3    104.7  
 285.0       322.6    316.1    306.6    298.0    288.4    276.5    259.1    236.1    221.3    210.2    201.3    172.5    155.4    143.4    134.4    127.2    121.4    116.5    108.7  
 290.0       334.8    328.9    320.3    313.0    305.7    297.5    273.4    248.6    232.5    220.4    210.8    179.8    161.6    149.0    139.6    132.1    126.1    121.0    113.0  
 295.0       344.8    339.7    331.8    325.5    319.7    313.8    287.4    261.3    244.0    231.1    220.7    187.5    168.2    154.9    145.0    137.2    131.0    125.7    117.5  
 300.0       353.0    348.1    341.3    335.7    330.6    325.9    299.4    273.0    255.1    241.6    230.8    195.6    175.0    161.0    150.6    142.4    135.9    130.5    121.9  
 305.0       358.5    354.3    348.1    343.4    339.2    335.1    313.7    284.8    266.3    252.3    241.0    203.8    182.0    167.1    156.1    147.6    140.7    135.1    126.2  
 310.0       361.8    358.2    353.1    349.1    345.7    342.2    326.3    296.0    277.3    263.0    251.2    212.3    189.1    173.4    161.8    152.8    145.6    139.6    130.3  
 315.0       363.5    360.8    356.7    353.5    350.6    347.9    335.1    307.0    288.3    273.8    261.8    221.4    196.9    180.2    167.8    158.3    150.6    144.4    134.6  
 320.0       334.5    362.9    359.6    357.0    354.9    352.6    342.2    317.3    299.5    285.0    272.9    231.5    205.6    187.7    174.6    164.4    156.3    149.6    139.2  
 325.0       345.8    364.7    362.4    360.5    358.6    356.9    348.4    330.6    310.7    296.5    284.5    242.6    215.4    196.4    182.3    171.4    162.7    155.5    144.5  
 330.0       332.6    367.2    365.5    363.8    362.4    361.0    354.0    340.0    319.9    308.0    296.3    254.4    226.3    206.1    191.0    179.4    170.0    162.3    150.4  
 335.0       330.5    344.6    368.5    367.0    365.8    364.9    359.0    347.7    334.6    317.9    308.2    266.1    238.2    217.1    201.0    188.4    178.4    170.1    157.3  
 340.0       333.2    372.4    371.6    370.5    369.5    368.5    363.6    354.3    344.6    331.9    320.2    279.4    250.6    229.2    212.3    198.8    188.0    179.0    165.1  
 345.0       374.5    364.2    373.8    373.8    372.9    372.2    368.2    360.4    352.4    343.9    332.4    292.9    264.3    242.2    225.0    210.7    199.0    189.3    174.2  
 350.0       390.9    357.8    368.9    377.1    376.6    375.8    372.6    366.0    359.7    353.1    345.5    306.6    278.8    256.5    238.8    224.0    211.6    201.1    184.7  
 355.0       396.6    357.4    368.3    380.6    380.2    379.7    376.9    371.7    366.4    361.0    355.6    320.6    293.9    271.9    252.8    238.3    225.5    214.5    196.7  
 360.0       395.8    388.2    373.5    380.1    384.1    383.7    381.5    377.3    373.0    368.6    364.2    334.6    309.3    288.0    269.7    254.0    240.8    230.8    210.5  
 365.0       383.2    374.8    383.8    388.5    388.7    388.4    386.6    383.1    379.7    376.2    372.5    349.1    325.1    304.7    286.9    271.2    257.4    245.5    225.7  
 370.0       344.9    332.5    335.7    349.6    393.6    393.4    392.2    389.6    386.8    383.9    380.9    364.3    341.1    321.9    304.8    289.4    275.6    263.3    242.1  
 375.0       418.5    415.8    375.0    381.6    387.2    391.8    398.6    396.5    394.3    392.0    389.6    377.1    354.3    339.5    323.4    308.6    295.0    282.7    261.5  
 380.0       381.3    373.7    355.6    339.9    349.2    406.2    405.8    404.2    402.5    400.7    398.8    388.4    374.8    357.6    342.5    328.5    315.5    303.4    282.0  
 385.0       430.7    428.6    422.3    395.5    399.9    403.7    413.8    412.9    411.7    410.1    408.6    400.2    391.2    372.5    362.2    349.1    336.8    325.3    304.2  
 390.0       453.8    362.4    367.2    375.4    382.6    389.1    423.2    422.6    421.7    420.7    419.5    412.8    405.8    395.9    382.5    370.5    359.0    348.1    327.9  
 395.0       412.8    408.3    398.1    386.1    372.3    373.5    434.0    433.6    433.1    432.3    431.6    426.2    420.4    414.5    403.2    392.8    382.2    372.0    352.9  
 400.0       444.9    442.3    436.6    430.2    422.8    414.2    446.3    446.2    446.0    445.5    444.9    440.9    436.3    431.6    425.9    413.0    406.4    397.1    379.3  
 405.0       467.9    465.6    461.3    456.8    452.0    446.5    458.1    460.6    460.5    460.2    460.0    457.2    453.6    449.8    447.2    440.7    429.2    423.5    407.1  
 410.0       486.6    484.3    480.3    476.5    472.5    468.3    438.4    476.9    477.0    477.1    476.9    475.3    472.7    469.7    466.7    464.7    458.8    448.5    436.7  
 415.0       500.0    498.3    495.0    491.6    487.9    484.0    457.2    495.5    495.9    496.0    496.2    495.6    493.9    491.8    489.4    487.2    485.9    480.6    468.1  
 420.0       510.2    508.5    505.1    501.4    497.4    492.9    463.9    476.9    517.3    517.7    518.0    518.4    517.7    516.3    514.6    512.8    511.3    510.9    499.2  
 425.0       564.9    565.1    565.6    566.0    566.4    488.5    480.3    510.3    541.6    542.3    542.8    544.2    544.3    543.7    542.7    541.5    540.2    539.1    536.4  
 430.0       593.3    593.1    592.6    592.5    592.1    591.6    588.9    550.0    563.2    570.3    571.0    573.3    573.4    574.5    574.2    573.6    572.8    572.0    571.3  
 435.0       617.8    617.5    616.8    616.0    611.9    608.6    597.6    570.0    601.1    602.2    603.1    606.3    608.2    609.2    609.6    609.6    609.4    609.0    609.0  
 440.0       658.9    659.1    659.5    659.8    660.2    660.5    662.0    583.4    604.1    619.4    639.5    643.7    646.5    648.3    649.4    650.1    650.8    651.0    651.0  
 445.0       700.4    700.3    700.1    699.9    699.7    699.4    698.4    681.5    663.1    675.8    681.0    686.1    689.8    692.4    693.5    694.3    695.0    695.5    695.5  
 450.0       746.7    746.8    747.2    747.6    747.9    748.3    749.9    668.5    673.1    690.0    703.7    734.1    738.7    740.0    740.0    740.0    740.0    740.0    740.0  
