#pT_OLR    0.01000   0.02000   0.04000   0.06000   0.08000   0.10000   0.20000   0.40000   0.60000   0.80000   1.00000   2.00000   3.00000   4.00000   5.00000   6.00000   7.00000   8.00000  10.00000  
 100.0         5.7      5.7      5.7      5.7      5.6      5.6      5.8      5.6      5.6      5.6      5.6      5.6      5.6      5.6      5.6      5.6      5.6      5.6      5.6  
 105.0         6.9      6.9      6.9      6.9      6.9      6.9      6.9      6.8      6.8      6.8      6.8      6.8      6.8      6.7      6.7      6.7      6.7      6.7      6.7  
 110.0         8.3      8.3      8.3      8.3      8.2      8.2      8.4      8.2      8.2      8.2      8.1      8.1      8.1      8.1      8.1      8.1      8.1      8.1      8.0  
 115.0         9.9      9.9      9.9      9.8      9.8      9.8      9.8      9.7      9.7      9.7      9.7      9.6      9.6      9.6      9.6      9.6      9.6      9.5      9.5  
 120.0        11.7     11.7     11.7     11.7     11.6     11.6     11.6     10.7     11.5     11.4     11.4     11.4     11.3     11.3     11.3     11.3     11.2     11.2     11.2  
 125.0        13.8     13.8     13.7     13.7     13.7     13.7     13.6     12.2     13.4     13.4     13.4     13.3     13.2     13.2     13.2     13.1     13.1     13.1     13.1  
 130.0        16.2     16.1     16.1     16.0     16.0     15.9     15.8     14.0     15.7     15.6     15.6     15.4     15.4     15.3     15.3     15.2     15.2     15.2     15.1  
 135.0        18.8     18.7     18.7     18.6     18.5     18.5     18.4     17.1     18.1     18.1     18.0     17.8     17.7     17.7     17.6     17.6     17.5     17.5     17.4  
 140.0        21.7     21.6     21.5     21.5     21.4     21.4     21.2     20.7     20.9     20.8     20.7     20.5     20.3     20.2     20.2     20.1     20.1     20.0     19.9  
 145.0        25.0     24.9     24.8     24.7     24.6     24.5     24.3     24.0     23.9     23.8     23.7     23.4     23.2     23.1     23.0     22.9     22.9     22.8     22.7  
 150.0        28.6     28.5     28.3     28.2     28.1     28.0     27.7     27.4     27.2     27.1     27.0     26.6     26.4     26.2     26.1     26.0     25.9     25.8     25.7  
 155.0        32.6     32.5     32.3     32.1     32.0     31.9     31.5     31.1     30.9     30.7     30.6     30.1     29.8     29.6     29.5     29.4     29.2     29.2     29.0  
 160.0        37.0     36.8     36.6     36.4     36.3     36.2     35.7     35.2     34.9     34.7     34.5     33.9     33.6     33.3     33.2     33.0     32.9     32.8     32.6  
 165.0        41.8     41.6     41.4     41.1     41.0     40.8     40.3     39.7     39.3     39.0     38.8     38.1     37.7     37.4     37.2     37.0     36.8     36.7     36.4  
 170.0        47.1     46.9     46.6     46.3     46.1     45.9     45.3     44.5     44.1     43.7     43.5     42.6     42.1     41.8     41.5     41.3     41.1     40.9     40.6  
 175.0        52.9     52.6     52.2     51.9     51.7     51.5     50.7     49.8     49.3     48.9     48.5     47.5     46.9     46.5     46.2     45.9     45.7     45.4     45.1  
 180.0        59.2     58.9     58.4     58.1     57.8     57.5     56.6     55.6     54.9     54.4     54.0     52.8     52.1     51.6     51.2     50.9     50.6     50.3     49.9  
 185.0        66.1     65.7     65.1     64.7     64.4     64.1     63.0     61.8     61.0     60.4     60.0     58.6     57.7     57.1     56.6     56.2     55.9     55.6     55.1  
 190.0        73.5     73.0     72.4     71.9     71.5     71.1     69.9     68.5     67.6     66.9     66.4     64.7     63.7     62.9     62.4     61.9     61.5     61.1     60.5  
 195.0        81.5     81.0     80.3     79.7     79.2     78.8     77.4     75.7     74.6     73.9     73.2     71.3     70.1     69.2     68.5     67.9     67.4     67.0     66.3  
 200.0        90.2     89.6     88.7     88.1     87.5     87.1     85.4     83.4     82.2     81.3     80.6     78.3     76.8     75.8     75.0     74.3     73.7     73.2     72.4  
 205.0        99.5     98.8     97.8     97.1     96.5     95.9     94.0     91.7     90.3     89.2     88.4     85.7     84.0     82.8     81.8     81.0     80.3     79.7     78.7  
 210.0       109.6    108.7    107.6    106.7    106.0    105.4    103.2    100.6     98.9     97.7     96.7     93.5     91.6     90.1     89.0     88.0     87.2     86.5     85.3  
 215.0       120.4    119.3    118.1    117.1    116.3    115.5    113.0    110.0    108.1    106.6    105.5    101.8     99.5     97.8     96.5     95.4     94.4     93.6     92.2  
 220.0       132.0    130.7    129.3    128.1    127.2    126.3    123.4    119.9    117.7    116.1    114.7    110.4    107.7    105.8    104.2    102.9    101.8    100.9     99.2  
 225.0       144.4    142.8    141.2    139.8    138.8    137.8    134.4    130.4    127.9    126.0    124.4    119.4    116.3    114.1    112.3    110.8    109.5    108.4    106.5  
 230.0       157.6    155.7    153.8    152.3    151.0    150.0    146.1    141.5    138.5    136.3    134.6    128.8    125.2    122.6    120.6    118.8    117.4    116.1    113.9  
 235.0       171.7    169.4    167.2    165.5    164.0    162.8    158.3    153.0    149.7    147.1    145.1    138.5    134.4    131.4    129.1    127.1    125.4    124.0    121.5  
 240.0       186.4    182.8    181.4    179.4    177.7    176.3    171.1    165.1    161.2    158.4    156.1    148.5    143.9    140.5    137.8    135.6    133.7    132.0    129.2  
 245.0       201.7    195.2    196.3    194.0    192.1    190.4    184.5    177.6    173.2    170.0    167.4    158.8    153.6    149.7    146.7    144.2    142.1    140.2    137.1  
 250.0       217.7    215.5    211.9    209.3    207.1    205.2    198.5    190.7    185.7    182.0    179.0    169.4    163.5    159.2    155.8    153.0    150.6    148.6    145.1  
 255.0       234.2    232.4    228.3    225.3    222.8    220.7    213.0    204.1    198.5    194.3    191.0    180.2    173.6    168.8    165.1    162.0    159.3    157.1    153.2  
 260.0       251.4    249.6    242.2    241.9    239.1    236.7    228.1    218.0    211.6    206.9    203.2    191.2    183.9    178.6    174.5    171.1    168.2    165.7    161.6  
 265.0       269.0    266.7    262.9    259.1    256.0    253.3    243.6    232.2    225.1    219.9    215.7    202.4    194.3    188.6    184.1    180.4    177.3    174.6    170.1  
 270.0       286.4    283.4    280.4    272.8    273.2    270.3    259.5    246.8    238.8    233.0    228.4    213.8    205.0    198.7    193.8    189.8    186.5    183.6    178.8  
 275.0       303.3    299.8    297.3    293.7    287.6    287.2    275.7    261.6    252.8    246.4    241.3    225.3    215.7    209.0    203.7    199.5    195.9    192.8    187.7  
 280.0       321.6    318.0    313.3    309.9    306.6    300.4    291.6    276.4    266.7    259.6    254.1    236.9    226.6    219.4    213.8    209.2    205.4    202.1    196.7  
 285.0       335.9    332.3    327.8    324.5    321.7    318.9    307.0    291.1    280.7    273.0    267.0    248.5    237.5    229.8    223.8    219.0    215.0    211.5    205.8  
 290.0       348.4    344.8    340.5    337.3    334.7    332.4    321.3    305.3    294.3    286.2    279.7    259.9    248.3    240.1    233.8    228.7    224.4    220.8    214.7  
 295.0       358.5    355.1    351.1    348.1    345.7    343.6    332.1    318.6    307.4    298.8    292.1    270.9    258.8    250.1    243.5    238.1    233.6    229.7    223.2  
 300.0       366.2    363.1    359.3    356.7    354.5    352.6    344.6    330.4    319.3    310.6    303.6    281.3    268.8    259.6    252.6    246.9    242.1    237.9    231.1  
 305.0       371.4    368.6    365.3    362.9    361.0    359.4    352.8    340.2    329.7    321.0    313.9    290.8    277.8    268.2    260.8    254.8    249.7    245.3    238.1  
 310.0       353.6    372.1    369.1    367.2    365.6    364.2    358.6    348.1    338.5    330.1    323.0    299.2    285.8    275.8    268.0    261.7    256.4    251.8    244.1  
 315.0       341.5    374.1    371.7    370.1    368.8    367.7    363.0    354.5    346.0    338.1    331.1    306.9    293.0    282.5    274.4    267.8    262.3    257.4    249.4  
 320.0       341.7    375.3    373.6    372.5    371.5    370.7    366.9    360.3    352.7    345.6    338.9    314.3    300.0    289.0    280.5    273.6    267.8    262.8    254.4  
 325.0       354.9    365.6    375.6    374.9    374.2    373.5    370.5    365.0    358.9    352.7    346.6    322.0    307.2    295.7    286.8    279.6    273.5    268.3    259.6  
 330.0       351.5    377.5    378.0    377.4    376.9    376.5    374.1    369.4    364.9    354.9    354.0    330.2    315.2    303.1    293.8    286.1    279.8    274.3    265.3  
 335.0       337.5    351.0    380.6    380.2    379.8    379.4    377.6    373.7    370.0    365.8    359.4    338.9    323.6    311.3    301.5    293.5    286.8    281.0    271.6  
 340.0       350.0    322.5    383.5    383.1    382.9    382.6    381.1    377.9    374.6    371.5    367.8    347.9    331.1    318.1    308.0    299.9    293.6    287.8    278.5  
 345.0       387.9    373.9    382.4    386.2    386.0    385.7    384.6    381.9    379.2    376.6    374.0    356.9    340.8    327.6    317.1    308.5    301.5    295.8    285.8  
 350.0       400.4    366.9    377.3    384.8    389.3    389.2    388.2    386.1    383.9    381.7    379.8    365.8    350.9    337.9    327.2    318.2    310.7    304.4    294.3  
 355.0       405.2    366.6    376.7    384.3    392.8    392.7    391.9    390.4    388.7    386.9    385.1    371.9    361.4    349.0    338.2    329.0    321.1    314.4    303.7  
 360.0       406.4    402.0    382.8    389.0    393.8    396.6    396.2    395.0    393.8    392.4    391.0    383.0    371.9    360.5    350.0    340.7    332.7    325.7    314.0  
 365.0       396.9    390.8    374.4    398.2    401.2    401.2    400.9    400.1    399.2    398.3    397.1    391.4    382.3    372.4    362.5    353.4    345.3    338.1    326.0  
 370.0       358.0    346.2    339.9    351.7    363.3    406.3    406.1    405.9    405.3    404.6    403.8    399.5    391.2    384.3    375.5    367.0    359.0    351.8    339.3  
 375.0       426.4    425.4    384.3    390.5    395.8    400.4    412.3    412.4    412.0    411.6    411.0    407.5    403.4    396.4    388.9    381.1    373.6    366.5    354.0  
 380.0       395.2    389.0    374.4    356.9    351.5    359.1    419.5    419.7    419.6    419.4    419.1    416.6    414.1    408.5    402.5    395.8    389.0    382.3    369.9  
 385.0       440.6    439.7    437.3    431.8    409.6    413.3    426.7    428.2    428.3    428.2    428.1    426.4    424.3    421.6    412.5    410.9    405.0    398.9    387.2  
 390.0       455.8    455.7    373.3    380.9    387.9    394.3    417.9    437.8    438.1    438.3    438.3    437.4    435.7    434.9    431.3    425.4    421.6    416.4    405.7  
 395.0       426.9    423.2    414.8    405.1    394.2    382.0    401.4    448.8    449.3    449.5    449.7    449.6    448.5    447.4    446.5    443.1    438.7    434.7    425.3  
 400.0       459.0    457.1    452.9    448.1    442.5    436.1    398.0    461.4    462.0    462.4    462.8    463.3    462.8    462.0    461.4    460.4    457.4    453.3    446.1  
 405.0       481.7    480.1    477.0    473.7    470.2    466.3    438.1    475.8    476.5    477.1    477.5    478.7    478.8    478.4    477.9    478.0    477.0    474.5    468.1  
 410.0       500.8    499.0    496.0    493.2    490.3    487.2    466.3    492.3    493.1    493.7    494.3    496.1    496.8    496.9    496.7    496.5    497.0    496.4    488.5  
 415.0       514.9    513.6    511.1    508.6    505.8    502.9    483.5    511.0    512.0    512.8    513.4    515.8    517.1    517.7    517.9    518.0    518.0    518.6    517.0  
 420.0       525.7    524.4    521.6    518.7    515.5    512.0    489.7    474.3    533.5    534.5    535.3    538.2    540.0    541.1    541.8    542.1    542.4    542.7    545.1  
 425.0       577.3    577.4    577.7    578.0    578.3    578.5    482.3    513.0    534.3    559.1    560.1    563.7    566.0    567.6    568.7    569.5    570.0    570.5    571.6  
 430.0       606.4    606.4    606.2    606.3    606.3    606.3    605.2    558.1    572.3    582.9    588.4    592.5    595.4    597.6    599.2    600.4    601.3    602.0    603.3  
 435.0       634.1    634.0    633.6    633.1    632.6    628.7    618.8    599.2    566.4    619.4    621.0    625.3    628.8    631.5    633.6    635.2    636.6    637.7    639.4  
 440.0       675.2    675.3    675.6    675.9    676.2    676.5    677.8    584.3    605.7    622.8    636.3    662.6    666.7    669.9    672.6    674.7    676.5    678.0    680.0  
 445.0       717.9    717.8    717.8    717.7    717.6    717.5    716.8    708.4    693.1    675.2    694.7    704.8    709.6    713.4    716.6    719.0    722.0    723.0    724.0  
 450.0       765.2    765.4    765.7    766.0    766.4    766.7    768.2    694.0    672.7    690.0    705.0    752.7    758.1    762.7    764.0    764.0    764.0    764.0    764.0  
