#pT_OLR    0.01000   0.02000   0.04000   0.06000   0.08000   0.10000   0.20000   0.40000   0.60000   0.80000   1.00000   2.00000   3.00000   4.00000   5.00000   6.00000   7.00000   8.00000  10.00000  
 100.0         5.7      5.7      5.6      5.6      5.6      5.6      5.6      5.6      5.6      5.6      5.6      5.6      5.6      5.6      5.6      5.6      5.6      5.6      5.6  
 105.0         6.9      6.9      6.9      6.8      6.8      6.8      6.8      6.8      6.8      6.8      6.8      6.8      6.7      6.7      6.7      6.7      6.7      6.7      6.7  
 110.0         8.3      8.3      8.2      8.2      8.2      8.2      8.2      8.1      8.1      8.1      8.1      8.1      8.1      8.1      8.0      8.0      8.0      8.0      8.0  
 115.0         9.9      9.9      9.8      9.8      9.8      9.8      9.8      9.7      9.7      9.7      9.6      9.6      9.6      9.6      9.5      9.5      9.5      9.5      9.5  
 120.0        11.7     11.7     11.6     11.6     11.6     11.6     11.5     11.5     11.4     11.4     11.4     11.3     11.3     11.2     11.2     11.2     11.2     11.2     11.1  
 125.0        13.8     13.7     13.7     13.6     13.6     13.6     13.5     13.5     13.4     13.3     13.3     13.2     13.1     13.1     13.1     13.1     13.0     13.0     13.0  
 130.0        16.1     16.1     16.0     15.9     15.9     15.9     15.8     15.6     15.5     15.5     15.5     15.3     15.2     15.2     15.2     15.1     15.1     15.1     15.0  
 135.0        18.7     18.7     18.6     18.5     18.4     18.4     18.3     18.1     18.0     17.9     17.8     17.7     17.6     17.5     17.4     17.4     17.4     17.3     17.3  
 140.0        21.7     21.6     21.4     21.3     21.3     21.2     21.1     20.9     20.7     20.6     20.5     20.3     20.1     20.0     20.0     19.9     19.9     19.8     19.7  
 145.0        24.9     24.8     24.6     24.5     24.4     24.3     24.1     23.8     23.6     23.5     23.4     23.1     23.0     22.8     22.7     22.7     22.6     22.5     22.4  
 150.0        28.5     28.4     28.1     28.0     27.9     27.8     27.5     27.2     26.9     26.7     26.6     26.3     26.0     25.9     25.8     25.7     25.6     25.5     25.4  
 155.0        32.5     32.3     32.0     31.8     31.7     31.6     31.3     30.8     30.5     30.3     30.1     29.7     29.4     29.2     29.0     28.9     28.8     28.7     28.6  
 160.0        36.9     36.6     36.3     36.1     35.9     35.8     35.4     34.9     34.4     34.2     34.0     33.4     33.1     32.8     32.6     32.5     32.3     32.2     32.0  
 165.0        41.7     41.4     41.0     40.7     40.5     40.3     39.7     39.1     38.7     38.4     38.2     37.5     37.0     36.7     36.5     36.3     36.1     36.0     35.8  
 170.0        47.0     46.6     46.1     45.8     45.5     45.3     44.6     43.8     43.3     43.0     42.7     41.8     41.3     41.0     40.7     40.4     40.2     40.1     39.8  
 175.0        52.7     52.3     51.7     51.3     51.0     50.8     49.9     48.9     48.4     47.9     47.6     46.6     46.0     45.5     45.2     44.9     44.6     44.4     44.1  
 180.0        59.0     58.5     57.8     57.4     57.0     56.7     55.6     54.5     53.8     53.3     52.9     51.7     50.9     50.4     50.0     49.6     49.3     49.1     48.6  
 185.0        65.8     65.2     64.4     63.9     63.4     63.1     61.9     60.5     59.7     59.1     58.6     57.2     56.3     55.6     55.1     54.7     54.3     54.0     53.5  
 190.0        73.2     72.5     71.6     70.9     70.4     70.0     68.6     67.0     66.0     65.3     64.8     63.0     61.9     61.1     60.5     60.0     59.6     59.2     58.6  
 195.0        81.2     80.3     79.3     78.6     78.0     77.5     75.8     74.0     72.8     72.0     71.3     69.2     67.9     67.0     66.3     65.6     65.1     64.7     63.9  
 200.0        89.8     88.8     87.6     86.7     86.1     85.5     83.5     81.4     80.0     79.1     78.3     75.8     74.3     73.1     72.3     71.5     70.9     70.3     69.4  
 205.0        99.1     97.9     96.5     95.5     94.7     94.1     91.8     89.3     87.7     86.6     85.7     82.7     80.9     79.5     78.5     77.6     76.9     76.2     75.1  
 210.0       109.1    107.7    106.1    104.9    104.0    103.3    100.6     97.7     95.9     94.5     93.4     89.9     87.8     86.2     85.0     83.9     83.1     82.3     81.0  
 215.0       119.8    118.1    116.3    115.0    113.9    113.0    110.0    106.6    104.4    102.8    101.6     97.5     95.0     93.1     91.7     90.5     89.4     88.5     87.0  
 220.0       131.4    129.3    127.2    125.6    124.4    123.4    119.9    115.9    113.4    111.6    110.1    105.3    102.4    100.2     98.5     97.1     95.9     94.9     93.1  
 225.0       143.7    141.2    138.7    136.9    135.5    134.3    130.3    125.7    122.8    120.7    119.0    113.4    110.0    107.5    105.6    103.9    102.5    101.3     99.3  
 230.0       156.9    153.8    150.9    148.9    147.2    145.9    141.2    135.9    132.6    130.1    128.1    121.8    117.9    115.0    112.8    110.9    109.3    107.9    105.5  
 235.0       170.8    167.1    163.8    161.4    159.6    158.0    152.6    146.5    142.7    139.9    137.6    130.3    125.9    122.6    120.1    117.9    116.1    114.5    111.9  
 240.0       185.3    179.1    177.4    174.6    172.5    170.6    164.4    157.5    153.1    149.9    147.4    139.1    134.1    130.4    127.5    125.1    123.1    121.3    118.3  
 245.0       199.9    187.0    191.6    188.4    185.9    183.9    176.8    168.8    163.9    160.3    157.4    148.1    142.4    138.2    135.0    132.4    130.1    128.1    124.8  
 250.0       215.3    211.8    206.4    202.8    200.0    197.6    189.5    180.5    174.9    170.9    167.6    157.1    150.8    146.3    142.7    139.8    137.3    135.1    131.5  
 255.0       230.7    228.1    221.9    217.8    214.6    211.9    202.7    192.5    186.2    181.6    178.0    166.4    159.4    154.4    150.5    147.3    144.6    142.2    138.3  
 260.0       246.6    244.2    231.7    233.3    229.6    226.6    216.2    204.7    197.7    192.6    188.6    175.8    168.1    162.7    158.4    155.0    152.1    149.5    145.4  
 265.0       262.2    259.3    254.3    249.0    245.0    241.6    230.0    217.2    209.4    203.7    199.3    185.3    177.0    171.1    166.5    162.8    159.7    157.0    152.6  
 270.0       276.9    273.0    269.8    257.0    260.3    256.7    243.9    229.8    221.2    215.0    210.1    194.8    185.9    179.6    174.7    170.8    167.5    164.6    160.0  
 275.0       289.8    285.5    283.6    279.1    270.1    271.1    257.7    242.3    232.9    226.2    220.9    204.4    194.8    188.1    182.9    178.8    175.3    172.3    167.3  
 280.0       305.2    295.9    292.0    291.6    288.2    280.1    270.8    254.5    244.4    237.2    231.5    213.9    203.7    196.5    191.0    186.6    182.9    179.7    174.5  
 285.0       314.3    310.4    305.7    302.2    299.2    296.1    282.7    265.9    255.2    247.4    241.4    223.9    213.6    206.4    198.6    194.1    190.2    186.8    181.1  
 290.0       321.3    317.7    313.4    310.1    307.5    305.2    293.1    276.4    265.3    257.2    250.9    232.3    221.7    214.1    207.7    197.9    196.7    193.1    187.1  
 295.0       325.7    322.5    318.7    315.9    313.6    311.6    297.9    285.5    274.3    266.0    259.4    239.5    228.9    220.9    214.7    208.2    202.5    198.6    192.1  
 300.0       328.1    325.6    322.2    320.0    318.0    316.2    308.3    293.2    282.1    273.6    266.8    245.6    235.1    226.7    220.2    214.3    205.0    203.2    196.4  
 305.0       329.3    327.3    324.9    323.0    321.4    319.9    313.7    300.1    289.2    280.5    273.6    251.4    240.0    231.6    224.8    219.2    213.3    205.0    200.2  
 310.0       296.2    329.1    327.1    325.8    324.5    323.3    317.9    306.5    296.2    287.5    280.3    257.1    244.5    236.1    229.1    223.4    218.3    213.0    203.9  
 315.0       277.2    331.0    329.4    328.3    327.2    326.3    321.7    312.5    303.2    294.7    287.5    263.2    249.1    240.5    233.5    227.6    222.5    218.0    204.6  
 320.0       278.0    332.9    331.8    331.0    330.1    329.3    325.4    318.5    309.8    302.0    294.9    269.8    254.7    245.2    238.1    232.1    226.9    222.4    213.6  
 325.0       298.5    316.7    334.5    333.9    333.2    332.4    329.2    323.1    316.1    309.2    302.6    277.2    261.2    251.1    243.7    237.2    231.8    227.0    219.3  
 330.0       292.9    335.8    337.0    336.4    335.9    335.3    332.6    327.3    322.4    305.6    310.1    285.2    268.6    256.9    249.7    243.0    237.3    232.4    222.0  
 335.0       271.7    291.3    339.6    339.0    338.5    338.0    335.9    331.4    327.3    322.7    314.3    293.8    276.7    264.4    255.5    249.5    243.5    238.4    229.8  
 340.0       288.1    251.9    342.2    341.7    341.5    341.0    339.1    335.5    331.9    328.6    324.4    302.8    285.7    272.9    263.0    256.3    250.5    245.2    236.4  
 345.0       347.0    323.6    338.2    344.5    344.3    343.9    342.5    339.4    336.5    333.7    330.9    312.1    295.4    282.3    272.0    263.7    258.0    252.8    243.6  
 350.0       364.4    310.1    327.2    339.9    347.3    347.2    346.0    343.7    341.3    338.9    336.7    321.3    305.7    292.6    281.9    273.1    266.0    261.0    251.7  
 355.0       369.6    307.6    323.8    336.5    350.7    350.7    349.7    348.1    346.2    344.4    342.4    325.5    316.4    303.6    292.8    283.8    276.1    269.7    260.8  
 360.0       369.1    362.8    331.4    341.8    350.0    354.6    354.2    352.9    351.6    350.1    348.5    339.6    327.2    315.3    304.6    295.4    287.5    280.6    270.3  
 365.0       352.0    341.8    315.8    354.5    359.5    359.5    359.2    358.2    357.3    356.2    354.9    348.4    338.1    327.4    317.2    308.1    300.0    292.9    281.2  
 370.0       290.1    275.7    268.0    282.5    297.9    364.9    364.7    364.5    363.7    362.8    361.9    356.7    346.2    339.8    330.4    321.6    313.6    306.4    294.2  
 375.0       392.3    390.7    325.7    335.5    344.1    351.7    371.3    371.3    370.7    370.2    369.4    365.2    360.2    352.2    344.1    336.0    328.2    321.1    308.7  
 380.0       339.3    329.8    309.0    287.4    280.7    289.4    378.9    379.0    378.6    378.3    377.8    374.6    371.1    364.7    358.2    351.0    343.8    336.9    324.6  
 385.0       406.3    404.9    400.9    393.9    357.9    363.9    385.9    387.7    387.7    387.3    387.1    384.8    382.0    378.5    361.2    366.5    360.1    353.8    341.8  
 390.0       424.9    424.6    304.4    312.5    321.7    330.4    365.8    397.6    397.8    397.7    397.6    396.2    394.0    391.9    387.9    380.7    377.1    371.5    360.4  
 395.0       374.1    368.1    355.4    341.5    326.8    313.6    336.6    408.9    409.2    409.3    409.3    408.7    407.2    405.4    403.5    399.7    394.3    390.2    380.3  
 400.0       419.2    416.0    409.0    401.0    391.9    381.7    324.2    421.8    422.2    422.4    422.8    422.8    421.9    420.6    419.6    417.4    413.9    409.0    401.4  
 405.0       445.9    443.7    439.2    434.2    428.6    422.1    377.7    436.5    437.0    437.6    437.8    438.7    438.4    437.6    436.7    436.2    434.0    431.0    423.8  
 410.0       465.8    463.5    459.7    455.6    451.2    446.2    412.2    453.3    454.1    454.6    455.2    456.4    456.8    456.6    456.1    455.5    455.3    453.5    437.3  
 415.0       479.0    477.2    473.6    469.6    465.2    460.4    428.9    472.4    473.3    474.1    474.6    476.7    477.6    478.0    477.9    477.6    477.3    477.5    473.9  
 420.0       484.7    482.6    478.0    473.1    467.8    462.1    428.1    407.1    495.2    496.1    497.0    499.6    501.1    502.0    502.4    502.5    502.4    502.4    502.0  
 425.0       546.0    546.1    546.5    546.7    547.0    547.4    417.9    450.9    482.5    521.2    522.1    525.6    527.6    529.1    529.9    530.5    530.8    531.0    531.9  
 430.0       575.7    575.6    575.3    575.0    574.7    574.4    572.5    504.8    527.0    543.2    551.0    554.8    557.7    559.7    561.1    562.0    562.8    563.3    564.1  
 435.0       600.1    599.8    599.0    598.2    597.2    596.1    583.3    551.8    502.1    582.4    583.6    588.2    591.7    594.2    596.2    597.7    598.8    599.8    601.1  
 440.0       643.9    644.1    644.3    644.6    645.0    645.3    646.8    525.2    542.5    567.9    588.5    626.1    630.2    633.3    635.8    637.8    639.5    639.5    639.5  
 445.0       685.9    685.8    685.6    685.4    685.2    685.0    683.7    678.1    655.8    626.9    656.9    668.9    673.7    677.5    680.6    680.6    680.6    680.6    680.6  
 450.0       733.3    733.5    733.9    734.2    734.6    734.9    736.3    631.5    617.0    624.3    646.8    717.5    722.9    722.9    722.9    722.9    722.9    722.9    722.9  
