#pT_OLR    0.01000   0.02000   0.04000   0.06000   0.08000   0.10000   0.20000   0.40000   0.60000   0.80000   1.00000   2.00000   3.00000   4.00000   5.00000   6.00000   7.00000   8.00000  10.00000  
 100.0         5.7      5.7      5.7      5.7      5.7      5.7      5.7      5.7      5.7      5.7      5.7      5.7      5.7      5.7      5.7      5.7      5.7      5.7      5.7  
 105.0         6.9      6.9      6.9      6.9      6.9      6.9      6.9      6.9      6.9      6.9      6.9      6.9      6.9      6.9      6.9      6.9      6.9      6.9      6.9  
 110.0         8.3      8.3      8.3      8.3      8.3      8.3      8.3      8.3      8.3      8.3      8.3      8.3      8.3      8.3      8.3      8.3      8.3      8.3      8.3  
 115.0         9.9      9.9      9.9      9.9      9.9      9.9      9.9      9.9      9.9      9.9      9.9      9.9      9.9      9.9      9.9      9.9      9.9      9.9      9.9  
 120.0        11.8     11.8     11.8     11.8     11.8     11.8     11.8     11.8     11.8     11.8     11.8     11.8     11.8     11.8     11.8     11.8     11.8     11.8     11.8  
 125.0        13.8     13.8     13.8     13.8     13.8     13.8     13.8     13.8     13.8     13.8     13.8     13.8     13.8     13.8     13.8     13.8     13.8     13.8     13.8  
 130.0        16.2     16.2     16.2     16.2     16.2     16.2     16.2     16.2     16.2     16.2     16.2     16.2     16.2     16.2     16.2     16.2     16.2     16.2     16.2  
 135.0        18.8     18.8     18.8     18.8     18.8     18.8     18.8     18.8     18.8     18.8     18.8     18.8     18.8     18.8     18.8     18.8     18.8     18.8     18.8  
 140.0        21.8     21.8     21.8     21.8     21.8     21.8     21.8     21.8     21.8     21.8     21.8     21.8     21.8     21.8     21.8     21.8     21.8     21.8     21.8  
 145.0        25.1     25.1     25.1     25.1     25.1     25.1     25.1     25.1     25.1     25.1     25.1     25.1     25.1     25.1     25.1     25.1     25.1     25.1     25.1  
 150.0        28.7     28.7     28.7     28.7     28.7     28.7     28.7     28.7     28.7     28.7     28.7     28.7     28.7     28.7     28.7     28.7     28.7     28.7     28.7  
 155.0        32.7     32.7     32.7     32.7     32.7     32.7     32.7     32.7     32.7     32.7     32.7     32.7     32.7     32.7     32.7     32.7     32.7     32.7     32.7  
 160.0        37.2     37.2     37.2     37.2     37.2     37.2     37.2     37.2     37.2     37.2     37.2     37.1     37.1     37.1     37.1     37.1     37.1     37.1     37.1  
 165.0        42.0     42.0     42.0     42.0     42.0     42.0     42.0     42.0     42.0     42.0     42.0     42.0     42.0     42.0     42.0     42.0     42.0     42.0     42.0  
 170.0        47.4     47.4     47.4     47.4     47.3     47.3     47.3     47.3     47.3     47.3     47.3     47.3     47.3     47.3     47.3     47.3     47.3     47.3     47.3  
 175.0        53.2     53.2     53.2     53.2     53.2     53.2     53.2     53.1     53.1     53.1     53.1     53.1     53.1     53.1     53.1     53.1     53.1     53.0     53.0  
 180.0        59.5     59.5     59.5     59.5     59.5     59.5     59.5     59.5     59.5     59.4     59.4     59.4     59.4     59.4     59.3     59.3     59.3     59.3     59.3  
 185.0        66.4     66.4     66.4     66.4     66.4     66.4     66.4     66.3     66.3     66.3     66.3     66.2     66.2     66.1     66.1     66.1     66.1     66.0     66.0  
 190.0        73.9     73.9     73.8     73.8     73.8     73.8     73.8     73.7     73.7     73.7     73.7     73.6     73.5     73.4     73.4     73.3     73.3     73.3     73.2  
 195.0        82.0     81.9     81.9     81.9     81.9     81.9     81.8     81.7     81.7     81.6     81.6     81.4     81.3     81.2     81.2     81.1     81.0     81.0     80.9  
 200.0        90.7     90.6     90.6     90.6     90.5     90.5     90.4     90.3     90.2     90.2     90.1     89.9     89.7     89.6     89.4     89.3     89.2     89.2     89.0  
 205.0       100.1    100.0     99.9     99.9     99.8     99.8     99.7     99.5     99.4     99.3     99.2     98.8     98.6     98.4     98.2     98.1     97.9     97.8     97.6  
 210.0       110.2    110.0    109.9    109.9    109.8    109.8    109.6    109.3    109.1    109.0    108.8    108.3    108.0    107.7    107.5    107.3    107.1    106.9    106.6  
 215.0       121.1    120.8    120.7    120.6    120.5    120.4    120.1    119.7    119.4    119.2    119.0    118.3    117.9    117.5    117.2    116.9    116.6    116.4    116.1  
 220.0       132.7    132.3    132.1    131.9    131.8    131.7    131.3    130.7    130.3    130.0    129.8    128.8    128.2    127.7    127.3    126.9    126.6    126.4    125.9  
 225.0       145.0    144.5    144.2    144.0    143.8    143.7    143.1    142.3    141.8    141.4    141.1    139.8    139.0    138.4    137.8    137.4    137.0    136.6    136.0  
 230.0       158.2    157.5    157.1    156.8    156.5    156.3    155.5    154.5    153.8    153.3    152.8    151.3    150.2    149.4    148.7    148.2    147.7    147.2    146.5  
 235.0       172.2    171.2    170.6    170.2    169.9    169.6    168.6    167.3    166.4    165.7    165.1    163.1    161.8    160.8    159.9    159.2    158.6    158.1    157.1  
 240.0       186.8    184.2    184.9    184.4    183.9    183.6    182.2    180.5    179.4    178.5    177.8    175.3    173.7    172.4    171.4    170.6    169.8    169.2    168.0  
 245.0       202.0    195.2    199.8    199.1    198.6    198.1    196.4    194.3    192.9    191.8    190.9    187.8    185.8    184.3    183.1    182.1    181.2    180.4    179.0  
 250.0       217.9    216.8    215.3    214.4    213.7    213.1    211.0    208.4    206.7    205.4    204.3    200.6    198.2    196.4    194.9    193.7    192.6    191.6    190.0  
 255.0       234.0    233.2    231.3    230.2    229.4    228.7    226.1    223.0    220.9    219.3    218.0    213.6    210.7    208.6    206.8    205.3    204.1    203.0    201.0  
 260.0       250.9    250.0    243.7    246.4    245.4    244.6    241.5    237.8    235.3    233.4    231.9    226.6    223.3    220.7    218.7    217.0    215.5    214.2    212.0  
 265.0       267.9    266.4    264.6    262.8    261.6    260.6    257.1    252.7    249.8    247.6    245.8    239.7    235.8    232.9    230.5    228.5    226.8    225.3    222.7  
 270.0       284.6    282.2    281.1    274.1    277.7    276.5    272.5    267.6    264.3    261.7    259.6    252.6    248.1    244.8    242.1    239.9    237.9    236.2    233.2  
 275.0       300.2    297.3    296.7    294.7    289.7    291.8    287.5    282.1    278.4    275.5    273.2    265.3    260.2    256.4    253.4    250.8    248.6    246.7    243.4  
 280.0       314.1    310.7    308.3    308.9    307.4    302.8    301.4    295.8    291.8    288.7    286.1    277.4    271.8    267.6    264.2    261.3    258.9    256.7    253.0  
 285.0       325.6    322.0    319.0    318.6    319.7    318.3    313.8    308.3    304.2    301.0    298.3    288.8    282.7    278.1    274.4    271.2    268.5    266.1    262.0  
 290.0       339.9    336.8    333.5    331.3    329.8    328.8    324.5    319.3    315.3    312.1    309.3    299.4    292.8    287.8    283.1    280.3    277.4    274.8    270.3  
 295.0       347.6    344.7    341.5    339.5    338.0    336.9    330.6    328.3    324.6    321.5    318.8    308.7    301.8    296.5    292.1    286.9    285.3    282.5    277.6  
 300.0       352.8    350.2    347.2    345.4    344.0    342.9    339.6    335.2    331.9    329.1    326.5    316.6    309.5    304.0    299.4    294.9    292.2    289.1    283.9  
 305.0       355.8    353.5    351.0    349.4    348.2    347.2    344.1    340.1    337.3    334.7    332.4    322.9    315.8    310.1    305.4    301.2    296.4    294.6    289.0  
 310.0       331.3    355.5    353.4    352.2    351.3    350.4    347.4    343.7    341.2    339.0    336.8    327.8    320.8    315.1    310.3    306.1    302.1    297.6    293.3  
 315.0       315.7    356.9    355.4    354.4    353.7    353.1    350.4    347.0    344.6    342.5    340.6    332.0    325.0    319.3    314.4    310.2    306.4    302.7    297.2  
 320.0       316.0    358.3    357.4    356.8    356.2    355.7    353.5    350.5    347.8    345.9    344.1    335.9    329.1    323.4    318.5    314.2    310.3    306.8    299.4  
 325.0       332.8    346.6    359.8    359.4    359.1    358.6    356.7    353.7    351.2    349.3    347.6    340.0    333.3    327.6    322.7    318.3    314.4    310.9    304.6  
 330.0       328.8    361.4    362.4    362.0    361.7    361.4    359.9    356.9    354.9    346.1    351.2    344.1    337.8    332.1    327.2    322.9    319.0    315.4    306.8  
 335.0       311.6    328.0    365.0    364.7    364.4    364.1    363.0    360.4    358.3    356.7    352.8    348.4    342.5    337.1    332.2    327.9    323.9    320.4    313.9  
 340.0       326.0    294.3    367.8    367.5    367.4    367.1    366.1    364.0    361.9    360.5    359.0    352.9    347.5    342.4    337.6    333.4    329.5    325.9    319.6  
 345.0       372.2    354.9    365.7    370.4    370.4    370.1    369.3    367.5    365.9    364.4    363.2    357.5    352.7    348.0    343.5    339.4    335.5    332.0    325.7  
 350.0       385.9    345.3    358.5    368.0    373.5    373.5    372.8    371.4    370.0    368.7    367.6    362.5    358.3    354.1    349.9    345.9    342.2    338.7    332.4  
 355.0       390.7    344.1    356.8    366.4    376.9    376.9    376.4    375.5    374.5    373.4    372.3    364.6    364.2    360.4    356.7    353.0    349.4    346.0    339.8  
 360.0       391.4    386.8    363.5    371.3    377.4    380.8    380.7    380.1    379.4    378.6    377.7    374.1    370.5    367.2    363.9    360.6    357.2    354.0    348.0  
 365.0       379.9    372.4    352.2    381.8    385.5    385.5    385.5    385.1    384.7    384.3    383.6    380.6    377.3    374.5    371.6    368.7    365.7    362.7    356.9  
 370.0       331.5    318.4    311.0    324.6    338.1    390.7    390.9    391.1    390.9    390.5    390.1    387.6    383.1    382.4    379.9    377.4    374.7    372.0    366.7  
 375.0       412.2    411.1    362.3    370.1    376.8    382.5    397.3    397.7    397.7    397.6    397.3    395.3    393.5    391.0    388.9    386.7    384.4    382.1    377.2  
 380.0       374.5    366.9    349.4    330.0    323.4    331.9    404.7    405.3    405.4    405.5    405.4    404.0    402.7    400.4    398.7    396.8    394.9    392.9    388.7  
 385.0       426.6    425.6    422.7    417.7    390.9    395.6    412.1    413.9    414.3    414.4    414.4    413.8    412.6    411.5    402.2    408.0    406.4    404.7    401.1  
 390.0       441.9    441.8    347.1    354.8    363.0    370.5    399.5    423.8    424.3    424.6    424.8    424.7    423.9    423.3    422.1    419.1    419.0    417.6    414.6  
 395.0       408.1    403.5    393.2    381.6    368.8    356.4    377.5    435.1    435.7    436.1    436.4    437.0    436.7    436.1    435.7    434.5    432.7    431.9    429.4  
 400.0       445.1    442.8    437.8    431.8    425.0    417.1    366.9    448.0    448.6    449.3    449.7    450.9    451.0    450.7    450.7    450.1    449.1    447.3    445.8  
 405.0       468.7    467.1    463.9    460.3    456.2    451.5    416.9    462.7    463.5    464.2    464.8    466.6    467.2    467.3    467.2    467.5    466.9    466.0    464.1  
 410.0       487.8    486.2    483.4    480.5    477.3    473.7    448.1    479.5    480.5    481.2    482.0    484.3    485.4    485.9    486.1    486.2    486.8    486.4    477.9  
 415.0       502.6    501.4    498.8    495.9    492.7    489.3    465.4    498.7    499.8    500.8    501.5    504.4    506.0    507.0    507.6    507.9    508.2    509.0    508.2  
 420.0       512.8    511.2    507.9    504.3    500.4    496.1    468.9    450.9    521.8    522.9    523.8    527.3    529.4    530.9    531.8    532.5    532.9    533.4    534.4  
 425.0       564.0    564.1    564.4    564.6    564.9    565.1    461.3    492.6    518.6    548.0    549.1    553.2    555.9    557.8    559.2    560.2    561.0    561.6    563.3  
 430.0       593.3    593.3    593.2    593.1    593.0    592.9    592.0    542.0    559.5    571.9    578.0    582.5    585.9    588.4    590.2    591.6    592.7    593.7    595.3  
 435.0       620.6    620.3    619.9    619.3    618.6    617.8    608.7    586.0    546.0    609.5    612.8    616.0    619.9    622.9    625.3    627.1    628.7    629.9    632.0  
 440.0       662.4    662.5    662.7    663.0    663.3    663.6    664.9    568.3    586.3    607.6    624.1    653.9    658.4    662.0    664.9    667.3    669.2    669.2    669.2  
 445.0       704.5    704.5    704.4    704.4    704.3    704.2    703.7    700.1    684.2    663.2    685.9    696.8    702.1    706.2    709.7    709.7    709.7    709.7    709.7  
 450.0       752.3    752.4    752.7    753.0    753.3    753.6    754.9    675.9    660.2    670.3    689.6    745.6    751.4    751.4    751.4    751.4    751.4    751.4    751.4  
