#pT_OLR    0.01000   0.02000   0.04000   0.06000   0.08000   0.10000   0.20000   0.40000   0.60000   0.80000   1.00000   2.00000   3.00000   4.00000   5.00000   6.00000   7.00000   8.00000  10.00000
 100.0         5.7      5.6      5.6      5.6      5.6      5.6      5.6      5.6      5.6      5.6      5.6      5.6      5.6      5.5      5.5      5.5      5.5      5.5      5.5
 105.0         6.9      6.8      6.8      6.8      6.8      6.8      6.8      6.8      6.8      6.7      6.7      6.7      6.7      6.7      6.7      6.7      6.7      6.7      6.7
 110.0         8.3      8.2      8.2      8.2      8.2      8.2      8.2      8.1      8.1      8.1      8.1      8.0      8.0      8.0      8.0      8.0      8.0      8.0      8.0
 115.0         9.9      9.8      9.8      9.8      9.7      9.7      9.7      9.6      9.6      9.6      9.6      9.5      9.5      9.5      9.5      9.4      9.4      9.4      9.4
 120.0        11.7     11.6     11.6     11.5     11.5     11.5     11.5     11.3     11.3     11.3     11.3     11.2     11.1     11.1     11.1     11.1     11.1     11.0     11.0
 125.0        13.7     13.6     13.6     13.5     13.5     13.5     13.5     13.2     13.2     13.2     13.1     13.0     13.0     12.9     12.9     12.9     12.9     12.9     12.8
 130.0        16.0     15.9     15.8     15.8     15.7     15.7     15.7     15.3     15.3     15.3     15.2     15.1     15.0     15.0     14.9     14.9     14.9     14.8     14.8
 135.0        18.6     18.5     18.3     18.2     18.2     18.1     18.1     17.7     17.7     17.6     17.6     17.4     17.3     17.2     17.2     17.1     17.1     17.0     17.0
 140.0        21.5     21.3     21.1     21.0     20.9     20.9     20.9     20.3     20.3     20.2     20.1     19.9     19.8     19.7     19.6     19.5     19.5     19.4     19.4
 145.0        24.7     24.5     24.2     24.1     24.0     23.9     23.9     23.1     23.1     23.0     22.9     22.6     22.5     22.3     22.2     22.2     22.1     22.0     21.9
 150.0        28.3     28.0     27.7     27.5     27.3     27.2     27.2     26.3     26.3     26.1     26.0     25.6     25.4     25.3     25.1     25.0     25.0     24.9     24.8
 155.0        32.2     31.8     31.4     31.2     31.0     30.9     30.9     29.7     29.7     29.5     29.4     28.9     28.6     28.4     28.3     28.2     28.1     28.0     27.8
 160.0        36.5     36.0     35.6     35.3     35.1     34.9     34.9     33.5     33.5     33.2     33.1     32.5     32.1     31.9     31.7     31.5     31.4     31.3     31.1
 165.0        41.2     40.7     40.1     39.8     39.5     39.3     38.6     38.0     37.6     37.3     37.0     36.3     35.9     35.6     35.4     35.2     35.0     34.9     34.6
 170.0        46.4     45.8     45.1     44.7     44.3     44.1     43.3     42.5     42.0     41.6     41.4     40.5     40.0     39.6     39.3     39.1     38.9     38.7     38.4
 175.0        52.1     51.3     50.5     50.0     49.6     49.3     48.4     47.4     46.8     46.4     46.0     45.0     44.4     44.0     43.6     43.3     43.1     42.9     42.5
 180.0        58.2     57.3     56.4     55.8     55.3     55.0     53.8     52.7     52.0     51.5     51.1     49.9     49.1     48.6     48.2     47.8     47.5     47.3     46.8
 185.0        64.9     63.8     62.7     62.0     61.5     61.1     59.8     58.4     57.6     57.0     56.5     55.1     54.2     53.5     53.0     52.6     52.3     51.9     51.4
 190.0        72.2     70.9     69.6     68.8     68.2     67.7     66.2     64.6     63.6     62.9     62.4     60.6     59.6     58.8     58.2     57.7     57.3     56.9     56.2
 195.0        80.0     78.5     77.1     76.1     75.4     74.8     73.1     71.2     70.1     69.3     68.6     66.6     65.3     64.4     63.7     63.0     62.5     62.1     61.3
 200.0        88.5     86.8     85.1     84.0     83.2     82.5     80.5     78.3     77.0     76.1     75.3     72.9     71.4     70.3     69.4     68.6     68.0     67.4     66.5
 205.0        97.6     95.6     93.7     92.4     91.5     90.8     88.4     85.9     84.4     83.3     82.4     79.5     77.7     76.4     75.4     74.5     73.7     73.0     71.9
 210.0       107.5    105.1    102.9    101.5    100.4     99.6     96.9     94.0     92.2     90.9     89.9     86.5     84.4     82.8     81.6     80.5     79.6     78.8     77.4
 215.0       118.2    115.3    112.8    111.2    110.0    109.0    105.9    102.6    100.5     99.0     97.8     93.8     91.3     89.5     87.9     86.7     85.6     84.6     82.9
 220.0       129.6    126.3    123.4    121.5    120.1    119.0    115.4    111.6    109.2    107.5    106.1    101.4     98.5     96.3     94.5     93.0     91.7     90.5     88.5
 225.0       142.0    137.9    134.6    132.5    130.9    129.7    125.5    121.1    118.4    116.4    114.7    109.3    105.9    103.3    101.2     99.4     97.9     96.5     94.2
 230.0       155.3    150.4    146.6    144.2    142.4    140.9    136.2    131.1    128.0    125.6    123.8    117.5    113.4    110.4    107.9    105.9    104.1    102.5     99.8
 235.0       169.4    163.6    159.3    156.5    154.4    152.8    147.4    141.6    138.0    135.3    133.1    125.8    121.1    117.6    114.8    112.4    110.3    108.5    105.3
 240.0       183.3    176.6    172.7    169.5    167.2    165.3    159.1    152.5    148.3    145.2    143.1    135.2    129.0    124.9    121.7    118.9    116.5    114.4    110.8
 245.0       199.2    188.5    187.0    183.3    180.6    178.4    171.4    163.8    159.0    155.5    153.2    144.3    136.9    132.3    128.6    125.5    122.7    120.3    116.3
 250.0       215.0    209.1    202.1    197.8    194.7    192.2    184.1    175.5    170.1    166.1    163.3    153.5    145.0    139.7    135.5    132.0    128.9    126.3    121.7
 255.0       231.8    226.4    218.0    213.1    209.5    206.6    197.4    187.6    181.4    176.9    173.5    162.9    155.0    147.2    142.5    138.6    135.2    132.2    127.1
 260.0       249.1    244.2    231.9    229.2    225.0    221.7    211.1    200.0    193.1    188.0    183.8    172.6    164.6    154.8    149.5    145.2    141.5    138.2    132.7
 265.0       266.7    261.7    252.6    246.1    241.3    237.5    225.4    212.8    205.0    199.3    194.5    182.4    173.9    162.4    156.7    151.9    147.9    144.3    138.4
 270.0       284.1    279.0    271.2    260.0    258.2    253.9    240.2    225.9    217.2    210.8    205.4    192.4    183.3    172.6    164.0    158.8    154.4    150.6    144.3
 275.0       301.0    295.9    288.5    281.3    272.9    270.8    255.4    239.4    229.7    222.6    216.6    202.7    192.9    184.6    171.4    165.9    161.2    157.2    150.5
 280.0       316.5    311.5    304.5    298.8    292.6    285.2    270.9    253.1    242.4    234.5    228.0    213.2    202.7    194.9    179.1    173.2    168.2    164.0    157.0
 285.0       330.3    325.6    319.1    313.9    309.1    303.8    286.3    266.9    255.2    246.6    239.4    223.9    212.8    204.8    195.7    180.7    175.5    171.0    163.7
 290.0       342.3    337.9    331.8    327.2    323.1    319.1    301.1    280.7    268.0    258.8    251.0    233.4    222.9    214.7    207.6    188.3    182.9    178.2    170.5
 295.0       352.0    348.0    342.6    338.4    334.8    331.5    313.1    294.0    280.6    270.7    262.4    239.8    233.0    224.4    217.6    205.8    190.1    185.2    177.2
 300.0       359.4    355.9    350.9    347.3    344.2    341.3    327.2    306.2    292.5    282.2    273.3    247.3    242.6    233.6    226.7    219.5    197.4    191.9    183.5
 305.0       364.5    361.4    357.2    354.0    351.3    348.8    337.8    316.7    302.5    291.9    283.4    255.8    251.4    242.0    234.7    228.6    218.3    198.2    189.3
 310.0       346.1    364.9    361.2    358.6    356.3    354.2    345.2    326.4    312.3    301.5    292.8    264.1    255.0    249.3    241.8    235.6    229.3    211.1    194.6
 315.0       333.9    366.7    364.0    361.9    360.1    358.5    351.0    335.0    321.6    310.8    301.9    272.3    255.7    255.8    247.9    241.5    236.0    228.0    199.7
 320.0       334.2    368.3    366.3    364.8    363.3    362.1    356.1    344.2    330.7    320.0    311.0    280.7    261.8    260.9    253.7    247.0    241.4    236.0    206.7
 325.0       347.6    358.5    368.6    367.5    366.5    365.3    360.6    351.2    339.2    329.4    320.5    289.6    269.9    259.4    259.7    252.7    246.8    241.7    228.4
 330.0       343.9    371.0    371.2    370.4    369.6    368.8    365.0    357.1    348.8    335.1    330.1    299.1    278.8    264.2    263.1    258.9    252.7    247.5    238.1
 335.0       330.5    344.1    374.0    373.4    372.7    372.0    369.0    362.6    355.9    348.1    338.4    309.1    288.5    273.1    263.8    265.2    259.3    253.8    244.7
 340.0       342.6    315.0    377.0    376.4    375.9    375.5    373.0    367.7    362.2    356.5    349.4    319.7    298.9    283.2    270.7    265.8    266.5    260.9    251.4
 345.0       381.7    367.2    376.0    379.6    379.3    378.8    376.9    372.5    368.1    363.5    358.6    330.7    310.1    294.1    281.2    270.8    268.9    268.7    258.9
 350.0       395.2    360.1    370.8    383.0    382.8    382.5    380.7    377.4    373.8    370.0    366.1    341.9    321.8    305.9    292.8    281.7    272.9    272.2    267.4
 355.0       400.3    359.9    370.2    378.0    386.5    386.3    384.9    382.2    379.3    376.3    373.2    352.0    334.1    318.4    305.3    294.0    284.4    276.7    274.3
 360.0       400.7    396.2    376.5    382.8    387.8    390.4    389.5    387.4    385.2    382.8    380.2    364.7    346.7    331.5    318.6    307.4    297.5    288.8    280.6
 365.0       390.8    384.4    367.5    392.3    395.2    395.2    394.5    392.9    391.2    389.4    387.4    375.8    359.7    345.3    332.7    321.6    311.7    302.9    288.3
 370.0       351.5    340.0    333.9    345.9    357.4    400.4    400.0    399.0    397.9    396.5    395.0    386.0    370.4    359.5    347.5    336.7    327.0    318.2    302.9
 375.0       422.1    420.7    378.3    384.7    390.1    394.8    406.5    406.1    405.2    404.2    403.0    395.9    386.6    374.2    363.0    352.6    343.1    334.5    319.2
 380.0       389.3    383.0    368.2    351.1    346.3    354.0    414.0    413.8    413.2    412.6    411.8    406.3    399.5    388.4    379.0    369.3    360.3    351.9    336.9
 385.0       435.8    434.6    431.4    426.6    404.4    408.1    421.8    422.6    422.3    421.9    421.4    417.3    411.9    405.1    391.7    386.8    378.3    370.3    355.7
 390.0       455.1    454.6    369.1    376.0    383.0    389.4    413.3    432.7    432.7    432.5    432.2    429.3    425.1    420.4    413.3    404.4    397.3    389.8    375.9
 395.0       422.0    418.2    409.7    399.9    388.8    377.7    397.3    444.1    444.3    444.3    444.2    442.4    439.3    435.5    431.1    424.2    417.1    410.4    397.4
 400.0       454.9    452.9    448.6    443.6    437.9    431.4    387.8    457.1    457.4    457.6    457.8    457.0    454.8    452.0    449.0    444.5    438.2    432.1    420.3
 405.0       477.5    476.0    473.1    469.9    466.3    462.3    433.4    471.9    472.4    472.9    473.1    473.2    471.9    469.9    467.4    464.8    460.8    455.4    444.7
 410.0       496.4    494.9    492.3    489.7    486.8    483.7    462.4    488.8    489.6    490.0    490.5    491.3    490.9    489.7    487.9    485.9    483.7    480.3    466.9
 415.0       511.6    510.5    508.1    505.6    502.9    499.9    480.1    508.1    509.0    509.7    510.2    511.9    512.2    511.6    510.6    509.2    507.5    505.9    499.2
 420.0       523.3    522.0    519.2    516.3    513.0    509.5    486.9    473.1    531.0    531.9    532.7    535.1    536.1    536.3    535.9    535.1    533.9    532.7    529.2
 425.0       574.5    574.7    575.1    575.4    575.8    576.2    484.5    512.2    533.6    557.2    558.1    561.3    563.0    563.9    564.1    563.9    563.4    562.6    561.1
 430.0       604.5    604.3    603.9    603.5    603.2    602.8    600.8    557.8    572.0    582.3    587.2    590.9    593.4    594.9    595.8    596.2    596.2    595.9    594.9
 435.0       628.8    628.5    628.0    627.4    626.7    625.9    617.7    598.6    565.2    618.8    620.0    624.5    627.7    629.9    631.4    632.4    633.0    633.3    633.2
 440.0       671.9    672.1    672.3    672.7    673.0    673.4    675.0    590.9    607.3    625.0    638.4    662.7    666.5    669.4    671.6    673.2    674.3    675.0    675.0
 445.0       713.8    713.7    713.5    713.3    713.1    712.9    711.8    707.6    693.8    676.4    696.4    705.7    710.4    714.0    716.8    717.0    717.0    717.0    717.0
 450.0       760.9    761.1    761.4    761.8    762.1    762.5    764.0    695.6    682.9    692.8    709.2    754.6    759.9    760.0    760.0    760.0    760.0    760.0    760.0
